21 7
20 13 41 4 34 43 6 46 12 44 47 45 10 33 47 50 74 88 46 52 75 
13 12 42 13 45 44 10 50 23 55 51 46 12 44 47 54 81 90 57 55 82 
41 42 92 36 35 2 36 10 33 41 10 6 32 29 8 12 44 47 39 13 44 
4 13 36 24 32 38 3 41 10 42 43 41 6 31 43 46 71 84 44 47 72 
34 45 35 32 88 37 35 32 22 10 34 41 34 6 43 36 46 71 12 38 47 
43 44 2 38 37 95 38 10 35 43 10 4 34 31 6 11 44 46 40 12 44 
6 10 36 3 35 38 26 42 13 45 44 41 4 34 43 47 73 84 47 48 74 
46 50 10 41 32 10 42 82 36 35 2 13 38 26 14 4 34 43 32 6 34 
12 23 33 10 22 35 13 36 9 32 38 39 13 21 41 41 62 79 34 43 64 
44 55 41 42 10 43 45 35 32 68 37 47 44 13 49 39 41 71 4 41 43 
47 51 10 43 34 10 44 2 38 37 86 12 40 28 13 2 33 41 34 4 34 
45 46 6 41 41 4 41 13 39 47 12 85 36 35 2 13 45 44 44 13 45 
10 12 32 6 34 34 4 38 13 44 40 36 27 32 38 42 69 80 45 44 70 
33 44 29 31 6 31 34 26 21 13 28 35 32 91 37 30 42 66 13 32 44 
47 47 8 43 43 6 43 14 41 49 13 2 38 37 88 14 45 42 46 13 45 
50 54 12 46 36 11 47 4 41 39 2 13 42 30 14 73 32 38 35 2 32 
74 81 44 71 46 44 73 34 62 41 33 45 69 42 45 32 71 37 36 32 2 
88 90 47 84 71 46 84 43 79 71 41 44 80 66 42 38 37 4 66 36 35 
46 57 39 44 12 40 47 32 34 4 34 44 45 13 46 35 36 66 64 37 38 
52 55 13 47 38 12 48 6 43 41 4 13 44 32 13 2 32 36 37 77 32 
75 82 44 72 47 44 74 34 64 43 34 45 70 44 45 32 2 35 38 32 75 
