36 9
9287 1728 1728 5184 576 4608 4032 1152 1944 1944 5832 648 5184 4536 1296 648 1944 216 1728 1512 432 1944 216 1728 1512 432 648 5184 4536 1296 576 504 144 4032 1152 1008 
1728 8023 576 1728 192 1536 1344 384 648 648 1944 216 1728 1512 432 216 648 72 576 504 144 648 72 576 504 144 216 1728 1512 432 192 168 48 1344 384 336 
1728 576 9201 1728 192 1536 1344 384 648 648 1944 216 1728 1512 432 216 648 72 576 504 144 648 72 576 504 144 216 1728 1512 432 192 168 48 1344 384 336 
5184 1728 1728 5732 576 4608 4032 1152 1944 1944 5832 648 5184 4536 1296 648 1944 216 1728 1512 432 1944 216 1728 1512 432 648 5184 4536 1296 576 504 144 4032 1152 1008 
576 192 192 576 8424 512 448 128 216 216 648 72 576 504 144 72 216 24 192 168 48 216 24 192 168 48 72 576 504 144 64 56 16 448 128 112 
4608 1536 1536 4608 512 3508 3584 1024 1728 1728 5184 576 4608 4032 1152 576 1728 192 1536 1344 384 1728 192 1536 1344 384 576 4608 4032 1152 512 448 128 3584 1024 896 
4032 1344 1344 4032 448 3584 5116 896 1512 1512 4536 504 4032 3528 1008 504 1512 168 1344 1176 336 1512 168 1344 1176 336 504 4032 3528 1008 448 392 112 3136 896 784 
1152 384 384 1152 128 1024 896 3247 432 432 1296 144 1152 1008 288 144 432 48 384 336 96 432 48 384 336 96 144 1152 1008 288 128 112 32 896 256 224 
1944 648 648 1944 216 1728 1512 432 9154 729 2187 243 1944 1701 486 243 729 81 648 567 162 729 81 648 567 162 243 1944 1701 486 216 189 54 1512 432 378 
1944 648 648 1944 216 1728 1512 432 729 3424 2187 243 1944 1701 486 243 729 81 648 567 162 729 81 648 567 162 243 1944 1701 486 216 189 54 1512 432 378 
5832 1944 1944 5832 648 5184 4536 1296 2187 2187 5105 729 5832 5103 1458 729 2187 243 1944 1701 486 2187 243 1944 1701 486 729 5832 5103 1458 648 567 162 4536 1296 1134 
648 216 216 648 72 576 504 144 243 243 729 8192 648 567 162 81 243 27 216 189 54 243 27 216 189 54 81 648 567 162 72 63 18 504 144 126 
5184 1728 1728 5184 576 4608 4032 1152 1944 1944 5832 648 1213 4536 1296 648 1944 216 1728 1512 432 1944 216 1728 1512 432 648 5184 4536 1296 576 504 144 4032 1152 1008 
4536 1512 1512 4536 504 4032 3528 1008 1701 1701 5103 567 4536 8906 1134 567 1701 189 1512 1323 378 1701 189 1512 1323 378 567 4536 3969 1134 504 441 126 3528 1008 882 
1296 432 432 1296 144 1152 1008 288 486 486 1458 162 1296 1134 8375 162 486 54 432 378 108 486 54 432 378 108 162 1296 1134 324 144 126 36 1008 288 252 
648 216 216 648 72 576 504 144 243 243 729 81 648 567 162 1956 243 27 216 189 54 243 27 216 189 54 81 648 567 162 72 63 18 504 144 126 
1944 648 648 1944 216 1728 1512 432 729 729 2187 243 1944 1701 486 243 8095 81 648 567 162 729 81 648 567 162 243 1944 1701 486 216 189 54 1512 432 378 
216 72 72 216 24 192 168 48 81 81 243 27 216 189 54 27 81 1787 72 63 18 81 9 72 63 18 27 216 189 54 24 21 6 168 48 42 
1728 576 576 1728 192 1536 1344 384 648 648 1944 216 1728 1512 432 216 648 72 2063 504 144 648 72 576 504 144 216 1728 1512 432 192 168 48 1344 384 336 
1512 504 504 1512 168 1344 1176 336 567 567 1701 189 1512 1323 378 189 567 63 504 71 126 567 63 504 441 126 189 1512 1323 378 168 147 42 1176 336 294 
432 144 144 432 48 384 336 96 162 162 486 54 432 378 108 54 162 18 144 126 2324 162 18 144 126 36 54 432 378 108 48 42 12 336 96 84 
1944 648 648 1944 216 1728 1512 432 729 729 2187 243 1944 1701 486 243 729 81 648 567 162 5839 81 648 567 162 243 1944 1701 486 216 189 54 1512 432 378 
216 72 72 216 24 192 168 48 81 81 243 27 216 189 54 27 81 9 72 63 18 81 154 72 63 18 27 216 189 54 24 21 6 168 48 42 
1728 576 576 1728 192 1536 1344 384 648 648 1944 216 1728 1512 432 216 648 72 576 504 144 648 72 5991 504 144 216 1728 1512 432 192 168 48 1344 384 336 
1512 504 504 1512 168 1344 1176 336 567 567 1701 189 1512 1323 378 189 567 63 504 441 126 567 63 504 7363 126 189 1512 1323 378 168 147 42 1176 336 294 
432 144 144 432 48 384 336 96 162 162 486 54 432 378 108 54 162 18 144 126 36 162 18 144 126 7731 54 432 378 108 48 42 12 336 96 84 
648 216 216 648 72 576 504 144 243 243 729 81 648 567 162 81 243 27 216 189 54 243 27 216 189 54 2763 648 567 162 72 63 18 504 144 126 
5184 1728 1728 5184 576 4608 4032 1152 1944 1944 5832 648 5184 4536 1296 648 1944 216 1728 1512 432 1944 216 1728 1512 432 648 3673 4536 1296 576 504 144 4032 1152 1008 
4536 1512 1512 4536 504 4032 3528 1008 1701 1701 5103 567 4536 3969 1134 567 1701 189 1512 1323 378 1701 189 1512 1323 378 567 4536 5438 1134 504 441 126 3528 1008 882 
1296 432 432 1296 144 1152 1008 288 486 486 1458 162 1296 1134 324 162 486 54 432 378 108 486 54 432 378 108 162 1296 1134 7199 144 126 36 1008 288 252 
576 192 192 576 64 512 448 128 216 216 648 72 576 504 144 72 216 24 192 168 48 216 24 192 168 48 72 576 504 144 2285 56 16 448 128 112 
504 168 168 504 56 448 392 112 189 189 567 63 504 441 126 63 189 21 168 147 42 189 21 168 147 42 63 504 441 126 56 7067 14 392 112 98 
144 48 48 144 16 128 112 32 54 54 162 18 144 126 36 18 54 6 48 42 12 54 6 48 42 12 18 144 126 36 16 14 8298 112 32 28 
4032 1344 1344 4032 448 3584 3136 896 1512 1512 4536 504 4032 3528 1008 504 1512 168 1344 1176 336 1512 168 1344 1176 336 504 4032 3528 1008 448 392 112 7175 896 784 
1152 384 384 1152 128 1024 896 256 432 432 1296 144 1152 1008 288 144 432 48 384 336 96 432 48 384 336 96 144 1152 1008 288 128 112 32 896 2856 224 
1008 336 336 1008 112 896 784 224 378 378 1134 126 1008 882 252 126 378 42 336 294 84 378 42 336 294 84 126 1008 882 252 112 98 28 784 224 1818 
