15 6
5513 1728 1728 5184 576 1944 1944 5832 648 648 1944 216 1944 216 648 
1728 2953 576 1728 192 648 648 1944 216 216 648 72 648 72 216 
1728 576 1869 1728 192 648 648 1944 216 216 648 72 648 72 216 
5184 1728 1728 889 576 1944 1944 5832 648 648 1944 216 1944 216 648 
576 192 192 576 9582 216 216 648 72 72 216 24 216 24 72 
1944 648 648 1944 216 3464 729 2187 243 243 729 81 729 81 243 
1944 648 648 1944 216 729 2653 2187 243 243 729 81 729 81 243 
5832 1944 1944 5832 648 2187 2187 3410 729 729 2187 243 2187 243 729 
648 216 216 648 72 243 243 729 8354 81 243 27 243 27 81 
648 216 216 648 72 243 243 729 81 6152 243 27 243 27 81 
1944 648 648 1944 216 729 729 2187 243 243 4599 81 729 81 243 
216 72 72 216 24 81 81 243 27 27 81 2456 81 9 27 
1944 648 648 1944 216 729 729 2187 243 243 729 81 6296 81 243 
216 72 72 216 24 81 81 243 27 27 81 9 81 5764 27 
648 216 216 648 72 243 243 729 81 81 243 27 243 27 6041 
