21 7
74 26 38 6 23 21 15 6 41 49 40 30 16 38 32 3 30 28 51 41 60 
26 31 13 32 34 24 37 24 67 70 60 6 41 49 40 29 36 27 73 63 74 
38 13 13 43 47 37 50 37 80 83 73 15 54 63 53 41 49 40 86 76 87 
6 32 43 83 28 27 17 12 37 49 40 36 15 41 37 6 34 34 49 40 62 
23 34 47 28 99 10 14 18 44 37 27 33 20 15 8 22 6 12 41 31 40 
21 24 37 27 10 80 19 15 52 47 37 22 26 25 15 21 12 6 51 41 49 
15 37 50 17 14 19 53 13 32 34 24 38 6 23 21 12 20 24 36 26 44 
6 24 37 12 18 15 13 76 43 47 37 26 17 32 26 6 23 21 50 39 56 
41 67 80 37 44 52 32 43 13 28 27 70 26 43 48 38 49 56 23 21 49 
49 70 83 49 37 47 34 47 28 47 10 70 33 26 36 46 38 48 6 9 21 
40 60 73 40 27 37 24 37 27 10 43 59 24 18 26 36 28 38 14 6 23 
30 6 15 36 33 22 38 26 70 70 59 26 43 47 37 32 34 24 73 63 72 
16 41 54 15 20 26 6 17 26 33 24 43 65 28 27 13 26 31 34 24 47 
38 49 63 41 15 25 23 32 43 26 18 47 28 68 10 35 13 23 32 24 24 
32 40 53 37 8 15 21 26 48 36 26 37 27 10 49 30 3 13 41 32 34 
3 29 41 6 22 21 12 6 38 46 36 32 13 35 30 86 28 27 47 37 57 
30 36 49 34 6 12 20 23 49 38 28 34 26 13 3 28 95 10 43 34 37 
28 27 40 34 12 6 24 21 56 48 38 24 31 23 13 27 10 75 53 43 47 
51 73 86 49 41 51 36 50 23 6 14 73 34 32 41 47 43 53 57 10 27 
41 63 76 40 31 41 26 39 21 9 6 63 24 24 32 37 34 43 10 55 28 
60 74 87 62 40 49 44 56 49 21 23 72 47 24 34 57 37 47 27 28 20 
