15 6
79 8 4 5 20 17 12 19 4 3 11 9 17 0 0 
8 22 7 14 17 20 7 3 9 9 20 15 11 3 4 
4 7 43 8 0 4 8 14 2 17 11 3 10 11 9 
5 14 8 69 3 9 1 4 1 11 16 19 10 15 6 
20 17 0 3 35 20 11 12 17 11 5 18 16 6 5 
17 20 4 9 20 51 11 1 7 20 10 0 4 15 11 
12 7 8 1 11 11 0 4 19 13 13 16 7 0 13 
19 3 14 4 12 1 4 92 11 0 4 20 19 2 7 
4 9 2 1 17 7 19 11 32 9 12 4 5 7 11 
3 9 17 11 11 20 13 0 9 42 8 16 0 19 9 
11 20 11 16 5 10 13 4 12 8 1 5 8 8 15 
9 15 3 19 18 0 16 20 4 16 5 41 7 0 10 
17 11 10 10 16 4 7 19 5 0 8 7 77 7 12 
0 3 11 15 6 15 0 2 7 19 8 0 7 22 10 
0 4 9 6 5 11 13 7 11 9 15 10 12 10 40 
