15 6
5982 1728 1728 5184 576 1944 1944 5832 648 648 1944 216 1944 216 648 
1728 6919 576 1728 192 648 648 1944 216 216 648 72 648 72 216 
1728 576 1717 1728 192 648 648 1944 216 216 648 72 648 72 216 
5184 1728 1728 6428 576 1944 1944 5832 648 648 1944 216 1944 216 648 
576 192 192 576 5552 216 216 648 72 72 216 24 216 24 72 
1944 648 648 1944 216 8158 729 2187 243 243 729 81 729 81 243 
1944 648 648 1944 216 729 7108 2187 243 243 729 81 729 81 243 
5832 1944 1944 5832 648 2187 2187 7298 729 729 2187 243 2187 243 729 
648 216 216 648 72 243 243 729 4419 81 243 27 243 27 81 
648 216 216 648 72 243 243 729 81 4385 243 27 243 27 81 
1944 648 648 1944 216 729 729 2187 243 243 2439 81 729 81 243 
216 72 72 216 24 81 81 243 27 27 81 2225 81 9 27 
1944 648 648 1944 216 729 729 2187 243 243 729 81 2286 81 243 
216 72 72 216 24 81 81 243 27 27 81 9 81 2602 27 
648 216 216 648 72 243 243 729 81 81 243 27 243 27 3236 
