15 6
44 21 24 2 28 36 22 23 20 43 36 40 21 41 19 
21 72 21 21 27 22 1 25 5 22 23 20 1 28 4 
24 21 44 26 6 44 22 43 16 36 45 31 23 20 17 
2 21 26 47 30 35 23 22 21 44 36 42 22 43 20 
28 27 6 30 40 50 28 48 22 41 51 36 29 22 23 
36 22 44 35 50 42 21 21 27 24 2 28 20 46 26 
22 1 22 23 28 21 48 26 6 21 23 19 2 28 4 
23 25 43 22 48 21 26 4 30 41 21 42 24 54 28 
20 5 16 21 22 27 6 30 56 24 29 21 7 24 2 
43 22 36 44 41 24 21 41 24 43 26 6 21 27 24 
36 23 45 36 51 2 23 21 29 26 43 30 21 48 27 
40 20 31 42 36 28 19 42 21 6 30 55 20 21 21 
21 1 23 22 29 20 2 24 7 21 21 20 52 30 6 
41 28 20 43 22 46 28 54 24 27 48 21 30 12 26 
19 4 17 20 23 26 4 28 2 24 27 21 6 26 60 
