15 6
19 1 19 15 18 17 8 20 9 14 1 10 15 10 19 
1 77 13 8 20 11 12 19 12 1 11 6 5 6 7 
19 13 77 10 12 17 17 17 7 12 2 9 5 9 10 
15 8 10 41 10 14 17 8 1 9 1 14 14 2 17 
18 20 12 10 42 7 20 1 9 6 13 4 12 15 3 
17 11 17 14 7 76 15 2 20 2 20 3 1 1 6 
8 12 17 17 20 15 92 3 7 18 12 14 9 4 1 
20 19 17 8 1 2 3 3 15 5 13 9 5 0 8 
9 12 7 1 9 20 7 15 15 10 2 10 15 15 19 
14 1 12 9 6 2 18 5 10 3 3 10 13 10 16 
1 11 2 1 13 20 12 13 2 3 0 0 1 8 12 
10 6 9 14 4 3 14 9 10 10 0 82 20 11 4 
15 5 5 14 12 1 9 5 15 13 1 20 50 11 1 
10 6 9 2 15 1 4 0 15 10 8 11 11 52 0 
19 7 10 17 3 6 1 8 19 16 12 4 1 0 60 
