55 11
2697 1728 1728 5184 576 4608 4032 1152 1152 5184 1944 1944 5832 648 5184 4536 1296 1296 5832 648 1944 216 1728 1512 432 432 1944 1944 216 1728 1512 432 432 1944 648 5184 4536 1296 1296 5832 576 504 144 144 648 4032 1152 1152 5184 1008 1008 4536 288 1296 1296 
1728 691 576 1728 192 1536 1344 384 384 1728 648 648 1944 216 1728 1512 432 432 1944 216 648 72 576 504 144 144 648 648 72 576 504 144 144 648 216 1728 1512 432 432 1944 192 168 48 48 216 1344 384 384 1728 336 336 1512 96 432 432 
1728 576 9114 1728 192 1536 1344 384 384 1728 648 648 1944 216 1728 1512 432 432 1944 216 648 72 576 504 144 144 648 648 72 576 504 144 144 648 216 1728 1512 432 432 1944 192 168 48 48 216 1344 384 384 1728 336 336 1512 96 432 432 
5184 1728 1728 452 576 4608 4032 1152 1152 5184 1944 1944 5832 648 5184 4536 1296 1296 5832 648 1944 216 1728 1512 432 432 1944 1944 216 1728 1512 432 432 1944 648 5184 4536 1296 1296 5832 576 504 144 144 648 4032 1152 1152 5184 1008 1008 4536 288 1296 1296 
576 192 192 576 276 512 448 128 128 576 216 216 648 72 576 504 144 144 648 72 216 24 192 168 48 48 216 216 24 192 168 48 48 216 72 576 504 144 144 648 64 56 16 16 72 448 128 128 576 112 112 504 32 144 144 
4608 1536 1536 4608 512 8520 3584 1024 1024 4608 1728 1728 5184 576 4608 4032 1152 1152 5184 576 1728 192 1536 1344 384 384 1728 1728 192 1536 1344 384 384 1728 576 4608 4032 1152 1152 5184 512 448 128 128 576 3584 1024 1024 4608 896 896 4032 256 1152 1152 
4032 1344 1344 4032 448 3584 2720 896 896 4032 1512 1512 4536 504 4032 3528 1008 1008 4536 504 1512 168 1344 1176 336 336 1512 1512 168 1344 1176 336 336 1512 504 4032 3528 1008 1008 4536 448 392 112 112 504 3136 896 896 4032 784 784 3528 224 1008 1008 
1152 384 384 1152 128 1024 896 3295 256 1152 432 432 1296 144 1152 1008 288 288 1296 144 432 48 384 336 96 96 432 432 48 384 336 96 96 432 144 1152 1008 288 288 1296 128 112 32 32 144 896 256 256 1152 224 224 1008 64 288 288 
1152 384 384 1152 128 1024 896 256 3612 1152 432 432 1296 144 1152 1008 288 288 1296 144 432 48 384 336 96 96 432 432 48 384 336 96 96 432 144 1152 1008 288 288 1296 128 112 32 32 144 896 256 256 1152 224 224 1008 64 288 288 
5184 1728 1728 5184 576 4608 4032 1152 1152 8391 1944 1944 5832 648 5184 4536 1296 1296 5832 648 1944 216 1728 1512 432 432 1944 1944 216 1728 1512 432 432 1944 648 5184 4536 1296 1296 5832 576 504 144 144 648 4032 1152 1152 5184 1008 1008 4536 288 1296 1296 
1944 648 648 1944 216 1728 1512 432 432 1944 8754 729 2187 243 1944 1701 486 486 2187 243 729 81 648 567 162 162 729 729 81 648 567 162 162 729 243 1944 1701 486 486 2187 216 189 54 54 243 1512 432 432 1944 378 378 1701 108 486 486 
1944 648 648 1944 216 1728 1512 432 432 1944 729 1339 2187 243 1944 1701 486 486 2187 243 729 81 648 567 162 162 729 729 81 648 567 162 162 729 243 1944 1701 486 486 2187 216 189 54 54 243 1512 432 432 1944 378 378 1701 108 486 486 
5832 1944 1944 5832 648 5184 4536 1296 1296 5832 2187 2187 2849 729 5832 5103 1458 1458 6561 729 2187 243 1944 1701 486 486 2187 2187 243 1944 1701 486 486 2187 729 5832 5103 1458 1458 6561 648 567 162 162 729 4536 1296 1296 5832 1134 1134 5103 324 1458 1458 
648 216 216 648 72 576 504 144 144 648 243 243 729 5145 648 567 162 162 729 81 243 27 216 189 54 54 243 243 27 216 189 54 54 243 81 648 567 162 162 729 72 63 18 18 81 504 144 144 648 126 126 567 36 162 162 
5184 1728 1728 5184 576 4608 4032 1152 1152 5184 1944 1944 5832 648 2612 4536 1296 1296 5832 648 1944 216 1728 1512 432 432 1944 1944 216 1728 1512 432 432 1944 648 5184 4536 1296 1296 5832 576 504 144 144 648 4032 1152 1152 5184 1008 1008 4536 288 1296 1296 
4536 1512 1512 4536 504 4032 3528 1008 1008 4536 1701 1701 5103 567 4536 5019 1134 1134 5103 567 1701 189 1512 1323 378 378 1701 1701 189 1512 1323 378 378 1701 567 4536 3969 1134 1134 5103 504 441 126 126 567 3528 1008 1008 4536 882 882 3969 252 1134 1134 
1296 432 432 1296 144 1152 1008 288 288 1296 486 486 1458 162 1296 1134 428 324 1458 162 486 54 432 378 108 108 486 486 54 432 378 108 108 486 162 1296 1134 324 324 1458 144 126 36 36 162 1008 288 288 1296 252 252 1134 72 324 324 
1296 432 432 1296 144 1152 1008 288 288 1296 486 486 1458 162 1296 1134 324 2599 1458 162 486 54 432 378 108 108 486 486 54 432 378 108 108 486 162 1296 1134 324 324 1458 144 126 36 36 162 1008 288 288 1296 252 252 1134 72 324 324 
5832 1944 1944 5832 648 5184 4536 1296 1296 5832 2187 2187 6561 729 5832 5103 1458 1458 9035 729 2187 243 1944 1701 486 486 2187 2187 243 1944 1701 486 486 2187 729 5832 5103 1458 1458 6561 648 567 162 162 729 4536 1296 1296 5832 1134 1134 5103 324 1458 1458 
648 216 216 648 72 576 504 144 144 648 243 243 729 81 648 567 162 162 729 68 243 27 216 189 54 54 243 243 27 216 189 54 54 243 81 648 567 162 162 729 72 63 18 18 81 504 144 144 648 126 126 567 36 162 162 
1944 648 648 1944 216 1728 1512 432 432 1944 729 729 2187 243 1944 1701 486 486 2187 243 7998 81 648 567 162 162 729 729 81 648 567 162 162 729 243 1944 1701 486 486 2187 216 189 54 54 243 1512 432 432 1944 378 378 1701 108 486 486 
216 72 72 216 24 192 168 48 48 216 81 81 243 27 216 189 54 54 243 27 81 4752 72 63 18 18 81 81 9 72 63 18 18 81 27 216 189 54 54 243 24 21 6 6 27 168 48 48 216 42 42 189 12 54 54 
1728 576 576 1728 192 1536 1344 384 384 1728 648 648 1944 216 1728 1512 432 432 1944 216 648 72 8524 504 144 144 648 648 72 576 504 144 144 648 216 1728 1512 432 432 1944 192 168 48 48 216 1344 384 384 1728 336 336 1512 96 432 432 
1512 504 504 1512 168 1344 1176 336 336 1512 567 567 1701 189 1512 1323 378 378 1701 189 567 63 504 5121 126 126 567 567 63 504 441 126 126 567 189 1512 1323 378 378 1701 168 147 42 42 189 1176 336 336 1512 294 294 1323 84 378 378 
432 144 144 432 48 384 336 96 96 432 162 162 486 54 432 378 108 108 486 54 162 18 144 126 3908 36 162 162 18 144 126 36 36 162 54 432 378 108 108 486 48 42 12 12 54 336 96 96 432 84 84 378 24 108 108 
432 144 144 432 48 384 336 96 96 432 162 162 486 54 432 378 108 108 486 54 162 18 144 126 36 8920 162 162 18 144 126 36 36 162 54 432 378 108 108 486 48 42 12 12 54 336 96 96 432 84 84 378 24 108 108 
1944 648 648 1944 216 1728 1512 432 432 1944 729 729 2187 243 1944 1701 486 486 2187 243 729 81 648 567 162 162 2695 729 81 648 567 162 162 729 243 1944 1701 486 486 2187 216 189 54 54 243 1512 432 432 1944 378 378 1701 108 486 486 
1944 648 648 1944 216 1728 1512 432 432 1944 729 729 2187 243 1944 1701 486 486 2187 243 729 81 648 567 162 162 729 7000 81 648 567 162 162 729 243 1944 1701 486 486 2187 216 189 54 54 243 1512 432 432 1944 378 378 1701 108 486 486 
216 72 72 216 24 192 168 48 48 216 81 81 243 27 216 189 54 54 243 27 81 9 72 63 18 18 81 81 9085 72 63 18 18 81 27 216 189 54 54 243 24 21 6 6 27 168 48 48 216 42 42 189 12 54 54 
1728 576 576 1728 192 1536 1344 384 384 1728 648 648 1944 216 1728 1512 432 432 1944 216 648 72 576 504 144 144 648 648 72 7922 504 144 144 648 216 1728 1512 432 432 1944 192 168 48 48 216 1344 384 384 1728 336 336 1512 96 432 432 
1512 504 504 1512 168 1344 1176 336 336 1512 567 567 1701 189 1512 1323 378 378 1701 189 567 63 504 441 126 126 567 567 63 504 9459 126 126 567 189 1512 1323 378 378 1701 168 147 42 42 189 1176 336 336 1512 294 294 1323 84 378 378 
432 144 144 432 48 384 336 96 96 432 162 162 486 54 432 378 108 108 486 54 162 18 144 126 36 36 162 162 18 144 126 2012 36 162 54 432 378 108 108 486 48 42 12 12 54 336 96 96 432 84 84 378 24 108 108 
432 144 144 432 48 384 336 96 96 432 162 162 486 54 432 378 108 108 486 54 162 18 144 126 36 36 162 162 18 144 126 36 7454 162 54 432 378 108 108 486 48 42 12 12 54 336 96 96 432 84 84 378 24 108 108 
1944 648 648 1944 216 1728 1512 432 432 1944 729 729 2187 243 1944 1701 486 486 2187 243 729 81 648 567 162 162 729 729 81 648 567 162 162 3362 243 1944 1701 486 486 2187 216 189 54 54 243 1512 432 432 1944 378 378 1701 108 486 486 
648 216 216 648 72 576 504 144 144 648 243 243 729 81 648 567 162 162 729 81 243 27 216 189 54 54 243 243 27 216 189 54 54 243 8123 648 567 162 162 729 72 63 18 18 81 504 144 144 648 126 126 567 36 162 162 
5184 1728 1728 5184 576 4608 4032 1152 1152 5184 1944 1944 5832 648 5184 4536 1296 1296 5832 648 1944 216 1728 1512 432 432 1944 1944 216 1728 1512 432 432 1944 648 5396 4536 1296 1296 5832 576 504 144 144 648 4032 1152 1152 5184 1008 1008 4536 288 1296 1296 
4536 1512 1512 4536 504 4032 3528 1008 1008 4536 1701 1701 5103 567 4536 3969 1134 1134 5103 567 1701 189 1512 1323 378 378 1701 1701 189 1512 1323 378 378 1701 567 4536 8710 1134 1134 5103 504 441 126 126 567 3528 1008 1008 4536 882 882 3969 252 1134 1134 
1296 432 432 1296 144 1152 1008 288 288 1296 486 486 1458 162 1296 1134 324 324 1458 162 486 54 432 378 108 108 486 486 54 432 378 108 108 486 162 1296 1134 9708 324 1458 144 126 36 36 162 1008 288 288 1296 252 252 1134 72 324 324 
1296 432 432 1296 144 1152 1008 288 288 1296 486 486 1458 162 1296 1134 324 324 1458 162 486 54 432 378 108 108 486 486 54 432 378 108 108 486 162 1296 1134 324 7434 1458 144 126 36 36 162 1008 288 288 1296 252 252 1134 72 324 324 
5832 1944 1944 5832 648 5184 4536 1296 1296 5832 2187 2187 6561 729 5832 5103 1458 1458 6561 729 2187 243 1944 1701 486 486 2187 2187 243 1944 1701 486 486 2187 729 5832 5103 1458 1458 1709 648 567 162 162 729 4536 1296 1296 5832 1134 1134 5103 324 1458 1458 
576 192 192 576 64 512 448 128 128 576 216 216 648 72 576 504 144 144 648 72 216 24 192 168 48 48 216 216 24 192 168 48 48 216 72 576 504 144 144 648 3614 56 16 16 72 448 128 128 576 112 112 504 32 144 144 
504 168 168 504 56 448 392 112 112 504 189 189 567 63 504 441 126 126 567 63 189 21 168 147 42 42 189 189 21 168 147 42 42 189 63 504 441 126 126 567 56 9905 14 14 63 392 112 112 504 98 98 441 28 126 126 
144 48 48 144 16 128 112 32 32 144 54 54 162 18 144 126 36 36 162 18 54 6 48 42 12 12 54 54 6 48 42 12 12 54 18 144 126 36 36 162 16 14 5587 4 18 112 32 32 144 28 28 126 8 36 36 
144 48 48 144 16 128 112 32 32 144 54 54 162 18 144 126 36 36 162 18 54 6 48 42 12 12 54 54 6 48 42 12 12 54 18 144 126 36 36 162 16 14 4 9531 18 112 32 32 144 28 28 126 8 36 36 
648 216 216 648 72 576 504 144 144 648 243 243 729 81 648 567 162 162 729 81 243 27 216 189 54 54 243 243 27 216 189 54 54 243 81 648 567 162 162 729 72 63 18 18 6068 504 144 144 648 126 126 567 36 162 162 
4032 1344 1344 4032 448 3584 3136 896 896 4032 1512 1512 4536 504 4032 3528 1008 1008 4536 504 1512 168 1344 1176 336 336 1512 1512 168 1344 1176 336 336 1512 504 4032 3528 1008 1008 4536 448 392 112 112 504 1387 896 896 4032 784 784 3528 224 1008 1008 
1152 384 384 1152 128 1024 896 256 256 1152 432 432 1296 144 1152 1008 288 288 1296 144 432 48 384 336 96 96 432 432 48 384 336 96 96 432 144 1152 1008 288 288 1296 128 112 32 32 144 896 1397 256 1152 224 224 1008 64 288 288 
1152 384 384 1152 128 1024 896 256 256 1152 432 432 1296 144 1152 1008 288 288 1296 144 432 48 384 336 96 96 432 432 48 384 336 96 96 432 144 1152 1008 288 288 1296 128 112 32 32 144 896 256 6518 1152 224 224 1008 64 288 288 
5184 1728 1728 5184 576 4608 4032 1152 1152 5184 1944 1944 5832 648 5184 4536 1296 1296 5832 648 1944 216 1728 1512 432 432 1944 1944 216 1728 1512 432 432 1944 648 5184 4536 1296 1296 5832 576 504 144 144 648 4032 1152 1152 5064 1008 1008 4536 288 1296 1296 
1008 336 336 1008 112 896 784 224 224 1008 378 378 1134 126 1008 882 252 252 1134 126 378 42 336 294 84 84 378 378 42 336 294 84 84 378 126 1008 882 252 252 1134 112 98 28 28 126 784 224 224 1008 2166 196 882 56 252 252 
1008 336 336 1008 112 896 784 224 224 1008 378 378 1134 126 1008 882 252 252 1134 126 378 42 336 294 84 84 378 378 42 336 294 84 84 378 126 1008 882 252 252 1134 112 98 28 28 126 784 224 224 1008 196 3309 882 56 252 252 
4536 1512 1512 4536 504 4032 3528 1008 1008 4536 1701 1701 5103 567 4536 3969 1134 1134 5103 567 1701 189 1512 1323 378 378 1701 1701 189 1512 1323 378 378 1701 567 4536 3969 1134 1134 5103 504 441 126 126 567 3528 1008 1008 4536 882 882 5826 252 1134 1134 
288 96 96 288 32 256 224 64 64 288 108 108 324 36 288 252 72 72 324 36 108 12 96 84 24 24 108 108 12 96 84 24 24 108 36 288 252 72 72 324 32 28 8 8 36 224 64 64 288 56 56 252 5861 72 72 
1296 432 432 1296 144 1152 1008 288 288 1296 486 486 1458 162 1296 1134 324 324 1458 162 486 54 432 378 108 108 486 486 54 432 378 108 108 486 162 1296 1134 324 324 1458 144 126 36 36 162 1008 288 288 1296 252 252 1134 72 6498 324 
1296 432 432 1296 144 1152 1008 288 288 1296 486 486 1458 162 1296 1134 324 324 1458 162 486 54 432 378 108 108 486 486 54 432 378 108 108 486 162 1296 1134 324 324 1458 144 126 36 36 162 1008 288 288 1296 252 252 1134 72 324 3324 
