36 9
2437 1728 1728 5184 576 4608 4032 1152 1944 1944 5832 648 5184 4536 1296 648 1944 216 1728 1512 432 1944 216 1728 1512 432 648 5184 4536 1296 576 504 144 4032 1152 1008 
1728 8667 576 1728 192 1536 1344 384 648 648 1944 216 1728 1512 432 216 648 72 576 504 144 648 72 576 504 144 216 1728 1512 432 192 168 48 1344 384 336 
1728 576 4510 1728 192 1536 1344 384 648 648 1944 216 1728 1512 432 216 648 72 576 504 144 648 72 576 504 144 216 1728 1512 432 192 168 48 1344 384 336 
5184 1728 1728 3650 576 4608 4032 1152 1944 1944 5832 648 5184 4536 1296 648 1944 216 1728 1512 432 1944 216 1728 1512 432 648 5184 4536 1296 576 504 144 4032 1152 1008 
576 192 192 576 2411 512 448 128 216 216 648 72 576 504 144 72 216 24 192 168 48 216 24 192 168 48 72 576 504 144 64 56 16 448 128 112 
4608 1536 1536 4608 512 7090 3584 1024 1728 1728 5184 576 4608 4032 1152 576 1728 192 1536 1344 384 1728 192 1536 1344 384 576 4608 4032 1152 512 448 128 3584 1024 896 
4032 1344 1344 4032 448 3584 5276 896 1512 1512 4536 504 4032 3528 1008 504 1512 168 1344 1176 336 1512 168 1344 1176 336 504 4032 3528 1008 448 392 112 3136 896 784 
1152 384 384 1152 128 1024 896 6366 432 432 1296 144 1152 1008 288 144 432 48 384 336 96 432 48 384 336 96 144 1152 1008 288 128 112 32 896 256 224 
1944 648 648 1944 216 1728 1512 432 8518 729 2187 243 1944 1701 486 243 729 81 648 567 162 729 81 648 567 162 243 1944 1701 486 216 189 54 1512 432 378 
1944 648 648 1944 216 1728 1512 432 729 9366 2187 243 1944 1701 486 243 729 81 648 567 162 729 81 648 567 162 243 1944 1701 486 216 189 54 1512 432 378 
5832 1944 1944 5832 648 5184 4536 1296 2187 2187 413 729 5832 5103 1458 729 2187 243 1944 1701 486 2187 243 1944 1701 486 729 5832 5103 1458 648 567 162 4536 1296 1134 
648 216 216 648 72 576 504 144 243 243 729 2536 648 567 162 81 243 27 216 189 54 243 27 216 189 54 81 648 567 162 72 63 18 504 144 126 
5184 1728 1728 5184 576 4608 4032 1152 1944 1944 5832 648 7144 4536 1296 648 1944 216 1728 1512 432 1944 216 1728 1512 432 648 5184 4536 1296 576 504 144 4032 1152 1008 
4536 1512 1512 4536 504 4032 3528 1008 1701 1701 5103 567 4536 6469 1134 567 1701 189 1512 1323 378 1701 189 1512 1323 378 567 4536 3969 1134 504 441 126 3528 1008 882 
1296 432 432 1296 144 1152 1008 288 486 486 1458 162 1296 1134 1476 162 486 54 432 378 108 486 54 432 378 108 162 1296 1134 324 144 126 36 1008 288 252 
648 216 216 648 72 576 504 144 243 243 729 81 648 567 162 1234 243 27 216 189 54 243 27 216 189 54 81 648 567 162 72 63 18 504 144 126 
1944 648 648 1944 216 1728 1512 432 729 729 2187 243 1944 1701 486 243 681 81 648 567 162 729 81 648 567 162 243 1944 1701 486 216 189 54 1512 432 378 
216 72 72 216 24 192 168 48 81 81 243 27 216 189 54 27 81 5987 72 63 18 81 9 72 63 18 27 216 189 54 24 21 6 168 48 42 
1728 576 576 1728 192 1536 1344 384 648 648 1944 216 1728 1512 432 216 648 72 1002 504 144 648 72 576 504 144 216 1728 1512 432 192 168 48 1344 384 336 
1512 504 504 1512 168 1344 1176 336 567 567 1701 189 1512 1323 378 189 567 63 504 6869 126 567 63 504 441 126 189 1512 1323 378 168 147 42 1176 336 294 
432 144 144 432 48 384 336 96 162 162 486 54 432 378 108 54 162 18 144 126 2400 162 18 144 126 36 54 432 378 108 48 42 12 336 96 84 
1944 648 648 1944 216 1728 1512 432 729 729 2187 243 1944 1701 486 243 729 81 648 567 162 6697 81 648 567 162 243 1944 1701 486 216 189 54 1512 432 378 
216 72 72 216 24 192 168 48 81 81 243 27 216 189 54 27 81 9 72 63 18 81 8350 72 63 18 27 216 189 54 24 21 6 168 48 42 
1728 576 576 1728 192 1536 1344 384 648 648 1944 216 1728 1512 432 216 648 72 576 504 144 648 72 1283 504 144 216 1728 1512 432 192 168 48 1344 384 336 
1512 504 504 1512 168 1344 1176 336 567 567 1701 189 1512 1323 378 189 567 63 504 441 126 567 63 504 2327 126 189 1512 1323 378 168 147 42 1176 336 294 
432 144 144 432 48 384 336 96 162 162 486 54 432 378 108 54 162 18 144 126 36 162 18 144 126 4416 54 432 378 108 48 42 12 336 96 84 
648 216 216 648 72 576 504 144 243 243 729 81 648 567 162 81 243 27 216 189 54 243 27 216 189 54 330 648 567 162 72 63 18 504 144 126 
5184 1728 1728 5184 576 4608 4032 1152 1944 1944 5832 648 5184 4536 1296 648 1944 216 1728 1512 432 1944 216 1728 1512 432 648 5966 4536 1296 576 504 144 4032 1152 1008 
4536 1512 1512 4536 504 4032 3528 1008 1701 1701 5103 567 4536 3969 1134 567 1701 189 1512 1323 378 1701 189 1512 1323 378 567 4536 5994 1134 504 441 126 3528 1008 882 
1296 432 432 1296 144 1152 1008 288 486 486 1458 162 1296 1134 324 162 486 54 432 378 108 486 54 432 378 108 162 1296 1134 2590 144 126 36 1008 288 252 
576 192 192 576 64 512 448 128 216 216 648 72 576 504 144 72 216 24 192 168 48 216 24 192 168 48 72 576 504 144 520 56 16 448 128 112 
504 168 168 504 56 448 392 112 189 189 567 63 504 441 126 63 189 21 168 147 42 189 21 168 147 42 63 504 441 126 56 2664 14 392 112 98 
144 48 48 144 16 128 112 32 54 54 162 18 144 126 36 18 54 6 48 42 12 54 6 48 42 12 18 144 126 36 16 14 7728 112 32 28 
4032 1344 1344 4032 448 3584 3136 896 1512 1512 4536 504 4032 3528 1008 504 1512 168 1344 1176 336 1512 168 1344 1176 336 504 4032 3528 1008 448 392 112 2256 896 784 
1152 384 384 1152 128 1024 896 256 432 432 1296 144 1152 1008 288 144 432 48 384 336 96 432 48 384 336 96 144 1152 1008 288 128 112 32 896 949 224 
1008 336 336 1008 112 896 784 224 378 378 1134 126 1008 882 252 126 378 42 336 294 84 378 42 336 294 84 126 1008 882 252 112 98 28 784 224 9034 
