15 6
81 17 1 8 11 8 0 0 12 11 9 5 20 6 19 
17 31 1 8 5 11 13 14 3 20 17 13 17 4 11 
1 1 69 18 2 12 20 10 14 11 10 0 8 7 14 
8 8 18 46 1 14 20 15 17 2 4 14 4 14 0 
11 5 2 1 28 13 19 5 20 6 7 6 12 20 3 
8 11 12 14 13 2 8 16 2 17 2 4 14 2 6 
0 13 20 20 19 8 68 11 1 4 5 13 14 17 5 
0 14 10 15 5 16 11 13 13 14 2 7 15 5 4 
12 3 14 17 20 2 1 13 13 1 20 10 4 17 16 
11 20 11 2 6 17 4 14 1 70 16 11 10 9 14 
9 17 10 4 7 2 5 2 20 16 23 7 6 1 15 
5 13 0 14 6 4 13 7 10 11 7 21 11 19 8 
20 17 8 4 12 14 14 15 4 10 6 11 82 8 10 
6 4 7 14 20 2 17 5 17 9 1 19 8 33 3 
19 11 14 0 3 6 5 4 16 14 15 8 10 3 59 
