15 6
44 6 17 18 10 5 3 13 15 5 19 6 9 19 14 
6 36 18 19 10 14 2 8 20 5 11 9 5 16 14 
17 18 47 2 5 9 18 19 14 10 3 4 15 6 7 
18 19 2 84 13 10 6 18 9 17 20 8 5 8 0 
10 10 5 13 28 18 0 9 3 16 2 3 9 19 13 
5 14 9 10 18 30 20 14 11 15 8 14 13 18 11 
3 2 18 6 0 20 16 10 0 13 19 0 14 17 12 
13 8 19 18 9 14 10 35 3 4 9 10 19 15 20 
15 20 14 9 3 11 0 3 38 7 9 3 8 8 1 
5 5 10 17 16 15 13 4 7 17 6 5 16 4 20 
19 11 3 20 2 8 19 9 9 6 21 9 11 11 0 
6 9 4 8 3 14 0 10 3 5 9 83 11 3 19 
9 5 15 5 9 13 14 19 8 16 11 11 24 11 7 
19 16 6 8 19 18 17 15 8 4 11 3 11 88 1 
14 14 7 0 13 11 12 20 1 20 0 19 7 1 39 
