21 7
53 17 18 49 14 29 30 9 27 13 17 21 43 17 34 44 5 26 36 57 17 
17 60 21 42 24 22 26 17 16 25 4 9 27 13 17 35 17 14 29 45 10 
18 21 18 31 8 15 45 26 18 32 25 30 35 30 36 27 13 17 19 42 12 
49 42 31 55 39 20 69 55 26 62 47 50 30 56 46 9 44 28 13 17 33 
14 24 8 39 26 23 44 23 25 26 26 31 42 30 40 36 9 24 27 51 17 
29 22 15 20 23 35 49 35 8 42 26 30 21 35 30 14 25 9 7 27 13 
30 26 45 69 44 49 34 21 42 24 22 18 49 14 29 61 35 41 56 70 36 
9 17 26 55 23 35 21 37 31 8 15 17 45 10 32 49 14 29 42 61 22 
27 16 18 26 25 8 42 31 99 39 20 24 17 29 22 18 25 1 14 29 10 
13 25 32 62 26 42 24 8 39 28 23 25 53 17 40 56 18 37 49 69 29 
17 4 25 47 26 26 22 15 20 23 59 5 30 9 17 39 19 18 34 49 14 
21 9 30 50 31 30 18 17 24 25 5 42 31 8 15 42 24 22 38 51 19 
43 27 35 30 42 21 49 45 17 53 30 31 85 39 20 21 41 18 24 22 26 
17 13 30 56 30 35 14 10 29 17 9 8 39 48 23 48 21 27 42 58 22 
34 17 36 46 40 30 29 32 22 40 17 15 20 23 44 37 35 21 36 42 24 
44 35 27 9 36 14 61 49 18 56 39 42 21 48 37 63 39 20 8 15 27 
5 17 13 44 9 25 35 14 25 18 19 24 41 21 35 39 17 23 31 53 15 
26 14 17 28 24 9 41 29 1 37 18 22 18 27 21 20 23 30 15 31 8 
36 29 19 13 27 7 56 42 14 49 34 38 24 42 36 8 31 15 79 23 20 
57 45 42 17 51 27 70 61 29 69 49 51 22 58 42 15 53 31 23 41 39 
17 10 12 33 17 13 36 22 10 29 14 19 26 22 24 27 15 8 20 39 47 
