15 6
2717 1728 1728 5184 576 1944 1944 5832 648 648 1944 216 1944 216 648 
1728 2809 576 1728 192 648 648 1944 216 216 648 72 648 72 216 
1728 576 4654 1728 192 648 648 1944 216 216 648 72 648 72 216 
5184 1728 1728 4594 576 1944 1944 5832 648 648 1944 216 1944 216 648 
576 192 192 576 1534 216 216 648 72 72 216 24 216 24 72 
1944 648 648 1944 216 9408 729 2187 243 243 729 81 729 81 243 
1944 648 648 1944 216 729 6841 2187 243 243 729 81 729 81 243 
5832 1944 1944 5832 648 2187 2187 370 729 729 2187 243 2187 243 729 
648 216 216 648 72 243 243 729 2331 81 243 27 243 27 81 
648 216 216 648 72 243 243 729 81 4 243 27 243 27 81 
1944 648 648 1944 216 729 729 2187 243 243 8025 81 729 81 243 
216 72 72 216 24 81 81 243 27 27 81 2267 81 9 27 
1944 648 648 1944 216 729 729 2187 243 243 729 81 9328 81 243 
216 72 72 216 24 81 81 243 27 27 81 9 81 8115 27 
648 216 216 648 72 243 243 729 81 81 243 27 243 27 8101 
