21 7
2872 1728 1728 5184 576 4608 1944 1944 5832 648 5184 648 1944 216 1728 1944 216 1728 648 5184 576 
1728 994 576 1728 192 1536 648 648 1944 216 1728 216 648 72 576 648 72 576 216 1728 192 
1728 576 8559 1728 192 1536 648 648 1944 216 1728 216 648 72 576 648 72 576 216 1728 192 
5184 1728 1728 10 576 4608 1944 1944 5832 648 5184 648 1944 216 1728 1944 216 1728 648 5184 576 
576 192 192 576 6582 512 216 216 648 72 576 72 216 24 192 216 24 192 72 576 64 
4608 1536 1536 4608 512 2717 1728 1728 5184 576 4608 576 1728 192 1536 1728 192 1536 576 4608 512 
1944 648 648 1944 216 1728 2809 729 2187 243 1944 243 729 81 648 729 81 648 243 1944 216 
1944 648 648 1944 216 1728 729 4654 2187 243 1944 243 729 81 648 729 81 648 243 1944 216 
5832 1944 1944 5832 648 5184 2187 2187 4594 729 5832 729 2187 243 1944 2187 243 1944 729 5832 648 
648 216 216 648 72 576 243 243 729 1534 648 81 243 27 216 243 27 216 81 648 72 
5184 1728 1728 5184 576 4608 1944 1944 5832 648 9408 648 1944 216 1728 1944 216 1728 648 5184 576 
648 216 216 648 72 576 243 243 729 81 648 6841 243 27 216 243 27 216 81 648 72 
1944 648 648 1944 216 1728 729 729 2187 243 1944 243 370 81 648 729 81 648 243 1944 216 
216 72 72 216 24 192 81 81 243 27 216 27 81 2331 72 81 9 72 27 216 24 
1728 576 576 1728 192 1536 648 648 1944 216 1728 216 648 72 4 648 72 576 216 1728 192 
1944 648 648 1944 216 1728 729 729 2187 243 1944 243 729 81 648 8025 81 648 243 1944 216 
216 72 72 216 24 192 81 81 243 27 216 27 81 9 72 81 2267 72 27 216 24 
1728 576 576 1728 192 1536 648 648 1944 216 1728 216 648 72 576 648 72 9328 216 1728 192 
648 216 216 648 72 576 243 243 729 81 648 81 243 27 216 243 27 216 8115 648 72 
5184 1728 1728 5184 576 4608 1944 1944 5832 648 5184 648 1944 216 1728 1944 216 1728 648 8101 576 
576 192 192 576 64 512 216 216 648 72 576 72 216 24 192 216 24 192 72 576 5645 
