15 6
61 31 17 28 25 32 13 28 34 28 52 53 24 25 49 
31 65 28 4 8 30 39 29 38 13 28 34 12 21 30 
17 28 26 24 26 44 30 40 48 32 55 59 28 34 54 
28 4 24 56 9 32 37 30 39 15 32 38 13 22 34 
25 8 26 9 68 23 31 21 30 7 29 32 4 13 28 
32 30 44 32 23 63 28 4 8 17 28 25 19 10 21 
13 39 30 37 31 28 34 24 26 31 53 52 28 25 48 
28 29 40 30 21 4 24 57 9 16 31 28 17 8 25 
34 38 48 39 30 8 26 9 50 25 36 31 26 17 28 
28 13 32 15 7 17 31 16 25 57 24 26 4 8 22 
52 28 55 32 29 28 53 31 36 24 9 9 28 28 8 
53 34 59 38 32 25 52 28 31 26 9 17 31 28 4 
24 12 28 13 4 19 28 17 26 4 28 31 48 9 26 
25 21 34 22 13 10 25 8 17 8 28 28 9 53 24 
49 30 54 34 28 21 48 25 28 22 8 4 26 24 18 
