21 7
5764 1728 1728 5184 576 4608 1944 1944 5832 648 5184 648 1944 216 1728 1944 216 1728 648 5184 576 
1728 6041 576 1728 192 1536 648 648 1944 216 1728 216 648 72 576 648 72 576 216 1728 192 
1728 576 8286 1728 192 1536 648 648 1944 216 1728 216 648 72 576 648 72 576 216 1728 192 
5184 1728 1728 7503 576 4608 1944 1944 5832 648 5184 648 1944 216 1728 1944 216 1728 648 5184 576 
576 192 192 576 5149 512 216 216 648 72 576 72 216 24 192 216 24 192 72 576 64 
4608 1536 1536 4608 512 4946 1728 1728 5184 576 4608 576 1728 192 1536 1728 192 1536 576 4608 512 
1944 648 648 1944 216 1728 6171 729 2187 243 1944 243 729 81 648 729 81 648 243 1944 216 
1944 648 648 1944 216 1728 729 1834 2187 243 1944 243 729 81 648 729 81 648 243 1944 216 
5832 1944 1944 5832 648 5184 2187 2187 5197 729 5832 729 2187 243 1944 2187 243 1944 729 5832 648 
648 216 216 648 72 576 243 243 729 9795 648 81 243 27 216 243 27 216 81 648 72 
5184 1728 1728 5184 576 4608 1944 1944 5832 648 6805 648 1944 216 1728 1944 216 1728 648 5184 576 
648 216 216 648 72 576 243 243 729 81 648 2832 243 27 216 243 27 216 81 648 72 
1944 648 648 1944 216 1728 729 729 2187 243 1944 243 1994 81 648 729 81 648 243 1944 216 
216 72 72 216 24 192 81 81 243 27 216 27 81 2840 72 81 9 72 27 216 24 
1728 576 576 1728 192 1536 648 648 1944 216 1728 216 648 72 9980 648 72 576 216 1728 192 
1944 648 648 1944 216 1728 729 729 2187 243 1944 243 729 81 648 7429 81 648 243 1944 216 
216 72 72 216 24 192 81 81 243 27 216 27 81 9 72 81 6685 72 27 216 24 
1728 576 576 1728 192 1536 648 648 1944 216 1728 216 648 72 576 648 72 4617 216 1728 192 
648 216 216 648 72 576 243 243 729 81 648 81 243 27 216 243 27 216 266 648 72 
5184 1728 1728 5184 576 4608 1944 1944 5832 648 5184 648 1944 216 1728 1944 216 1728 648 5753 576 
576 192 192 576 64 512 216 216 648 72 576 72 216 24 192 216 24 192 72 576 2052 
