15 6
23 34 24 22 2 29 12 26 13 44 51 29 27 11 27 
34 59 26 21 35 11 26 32 43 12 26 13 8 27 34 
24 26 25 32 26 30 11 42 37 29 51 31 26 13 43 
22 21 32 52 22 11 24 11 25 34 29 9 12 23 13 
2 35 26 22 27 30 14 25 11 46 51 29 28 12 26 
29 11 30 11 30 69 26 21 35 24 22 2 4 25 23 
12 26 11 24 14 26 48 32 26 34 48 26 22 2 33 
26 32 42 11 25 21 32 45 22 45 34 19 24 30 2 
13 43 37 25 11 35 26 22 4 55 54 34 35 24 22 
44 12 29 34 46 24 34 45 55 52 32 26 21 35 47 
51 26 51 29 51 22 48 34 54 32 43 22 26 48 35 
29 13 31 9 29 2 26 19 34 26 22 71 6 26 21 
27 8 26 12 28 4 22 24 35 21 26 6 64 22 26 
11 27 13 23 12 25 2 30 24 35 48 26 22 52 32 
27 34 43 13 26 23 33 2 22 47 35 21 26 32 45 
