28 8
1818 1728 1728 5184 576 4608 4032 1944 1944 5832 648 5184 4536 648 1944 216 1728 1512 1944 216 1728 1512 648 5184 4536 576 504 4032 
1728 8928 576 1728 192 1536 1344 648 648 1944 216 1728 1512 216 648 72 576 504 648 72 576 504 216 1728 1512 192 168 1344 
1728 576 8892 1728 192 1536 1344 648 648 1944 216 1728 1512 216 648 72 576 504 648 72 576 504 216 1728 1512 192 168 1344 
5184 1728 1728 5057 576 4608 4032 1944 1944 5832 648 5184 4536 648 1944 216 1728 1512 1944 216 1728 1512 648 5184 4536 576 504 4032 
576 192 192 576 2645 512 448 216 216 648 72 576 504 72 216 24 192 168 216 24 192 168 72 576 504 64 56 448 
4608 1536 1536 4608 512 1859 3584 1728 1728 5184 576 4608 4032 576 1728 192 1536 1344 1728 192 1536 1344 576 4608 4032 512 448 3584 
4032 1344 1344 4032 448 3584 2744 1512 1512 4536 504 4032 3528 504 1512 168 1344 1176 1512 168 1344 1176 504 4032 3528 448 392 3136 
1944 648 648 1944 216 1728 1512 895 729 2187 243 1944 1701 243 729 81 648 567 729 81 648 567 243 1944 1701 216 189 1512 
1944 648 648 1944 216 1728 1512 729 178 2187 243 1944 1701 243 729 81 648 567 729 81 648 567 243 1944 1701 216 189 1512 
5832 1944 1944 5832 648 5184 4536 2187 2187 98 729 5832 5103 729 2187 243 1944 1701 2187 243 1944 1701 729 5832 5103 648 567 4536 
648 216 216 648 72 576 504 243 243 729 3898 648 567 81 243 27 216 189 243 27 216 189 81 648 567 72 63 504 
5184 1728 1728 5184 576 4608 4032 1944 1944 5832 648 5461 4536 648 1944 216 1728 1512 1944 216 1728 1512 648 5184 4536 576 504 4032 
4536 1512 1512 4536 504 4032 3528 1701 1701 5103 567 4536 1167 567 1701 189 1512 1323 1701 189 1512 1323 567 4536 3969 504 441 3528 
648 216 216 648 72 576 504 243 243 729 81 648 567 8017 243 27 216 189 243 27 216 189 81 648 567 72 63 504 
1944 648 648 1944 216 1728 1512 729 729 2187 243 1944 1701 243 9886 81 648 567 729 81 648 567 243 1944 1701 216 189 1512 
216 72 72 216 24 192 168 81 81 243 27 216 189 27 81 9373 72 63 81 9 72 63 27 216 189 24 21 168 
1728 576 576 1728 192 1536 1344 648 648 1944 216 1728 1512 216 648 72 4779 504 648 72 576 504 216 1728 1512 192 168 1344 
1512 504 504 1512 168 1344 1176 567 567 1701 189 1512 1323 189 567 63 504 4819 567 63 504 441 189 1512 1323 168 147 1176 
1944 648 648 1944 216 1728 1512 729 729 2187 243 1944 1701 243 729 81 648 567 1057 81 648 567 243 1944 1701 216 189 1512 
216 72 72 216 24 192 168 81 81 243 27 216 189 27 81 9 72 63 81 8705 72 63 27 216 189 24 21 168 
1728 576 576 1728 192 1536 1344 648 648 1944 216 1728 1512 216 648 72 576 504 648 72 7366 504 216 1728 1512 192 168 1344 
1512 504 504 1512 168 1344 1176 567 567 1701 189 1512 1323 189 567 63 504 441 567 63 504 715 189 1512 1323 168 147 1176 
648 216 216 648 72 576 504 243 243 729 81 648 567 81 243 27 216 189 243 27 216 189 3236 648 567 72 63 504 
5184 1728 1728 5184 576 4608 4032 1944 1944 5832 648 5184 4536 648 1944 216 1728 1512 1944 216 1728 1512 648 7312 4536 576 504 4032 
4536 1512 1512 4536 504 4032 3528 1701 1701 5103 567 4536 3969 567 1701 189 1512 1323 1701 189 1512 1323 567 4536 8070 504 441 3528 
576 192 192 576 64 512 448 216 216 648 72 576 504 72 216 24 192 168 216 24 192 168 72 576 504 5492 56 448 
504 168 168 504 56 448 392 189 189 567 63 504 441 63 189 21 168 147 189 21 168 147 63 504 441 56 4558 392 
4032 1344 1344 4032 448 3584 3136 1512 1512 4536 504 4032 3528 504 1512 168 1344 1176 1512 168 1344 1176 504 4032 3528 448 392 815 
