21 7
61 31 17 28 25 26 32 13 28 34 48 28 52 53 58 24 25 34 49 54 59 
31 65 28 4 8 25 30 39 29 38 56 13 28 34 48 12 21 39 30 44 53 
17 28 26 24 26 37 44 30 40 48 64 32 55 59 68 28 34 48 54 64 71 
28 4 24 56 9 27 32 37 30 39 57 15 32 38 51 13 22 40 34 48 56 
25 8 26 9 68 18 23 31 21 30 48 7 29 32 44 4 13 31 28 40 48 
26 25 37 27 18 96 7 23 3 12 30 13 30 29 32 13 4 13 25 28 34 
32 30 44 32 23 7 63 28 4 8 25 17 28 25 26 19 10 9 21 21 27 
13 39 30 37 31 23 28 34 24 26 37 31 53 52 53 28 25 26 48 49 52 
28 29 40 30 21 3 4 24 57 9 27 16 31 28 30 17 8 9 25 26 31 
34 38 48 39 30 12 8 26 9 50 18 25 36 31 27 26 17 1 28 23 26 
48 56 64 57 48 30 25 37 27 18 52 43 50 43 31 44 35 17 41 28 25 
28 13 32 15 7 13 17 31 16 25 43 57 24 26 37 4 8 25 22 33 41 
52 28 55 32 29 30 28 53 31 36 50 24 9 9 27 28 28 37 8 25 35 
53 34 59 38 32 29 25 52 28 31 43 26 9 17 18 31 28 32 4 17 25 
58 48 68 51 44 32 26 53 30 27 31 37 27 18 51 41 34 28 19 4 8 
24 12 28 13 4 13 19 28 17 26 44 4 28 31 41 48 9 27 26 37 44 
25 21 34 22 13 4 10 25 8 17 35 8 28 28 34 9 53 18 24 30 37 
34 39 48 40 31 13 9 26 9 1 17 25 37 32 28 27 18 74 29 24 26 
49 30 54 34 28 25 21 48 25 28 41 22 8 4 19 26 24 29 18 18 27 
54 44 64 48 40 28 21 49 26 23 28 33 25 17 4 37 30 24 18 54 9 
59 53 71 56 48 34 27 52 31 26 25 41 35 25 8 44 37 26 27 9 36 
