15 6
5645 1728 1728 5184 576 1944 1944 5832 648 648 1944 216 1944 216 648 
1728 1729 576 1728 192 648 648 1944 216 216 648 72 648 72 216 
1728 576 7293 1728 192 648 648 1944 216 216 648 72 648 72 216 
5184 1728 1728 8397 576 1944 1944 5832 648 648 1944 216 1944 216 648 
576 192 192 576 7568 216 216 648 72 72 216 24 216 24 72 
1944 648 648 1944 216 2003 729 2187 243 243 729 81 729 81 243 
1944 648 648 1944 216 729 3831 2187 243 243 729 81 729 81 243 
5832 1944 1944 5832 648 2187 2187 2565 729 729 2187 243 2187 243 729 
648 216 216 648 72 243 243 729 1421 81 243 27 243 27 81 
648 216 216 648 72 243 243 729 81 9532 243 27 243 27 81 
1944 648 648 1944 216 729 729 2187 243 243 1821 81 729 81 243 
216 72 72 216 24 81 81 243 27 27 81 9955 81 9 27 
1944 648 648 1944 216 729 729 2187 243 243 729 81 8320 81 243 
216 72 72 216 24 81 81 243 27 27 81 9 81 919 27 
648 216 216 648 72 243 243 729 81 81 243 27 243 27 7979 
