15 6
53 22 38 42 29 5 38 19 5 34 36 24 57 44 46 
22 11 40 25 10 26 52 20 20 38 19 5 54 44 30 
38 40 77 33 34 43 26 21 33 5 32 36 19 5 32 
42 25 33 39 14 47 56 26 38 35 5 19 38 34 5 
29 10 34 14 11 35 52 19 26 34 8 5 46 38 19 
5 26 43 47 35 44 40 25 10 38 42 29 62 49 52 
38 52 26 56 52 40 77 33 34 22 53 50 42 29 57 
19 20 21 26 19 25 33 84 14 18 22 17 38 26 29 
5 20 33 38 26 10 34 14 59 28 32 22 51 38 42 
34 38 5 35 34 38 22 18 28 80 33 34 25 10 35 
36 19 32 5 8 42 53 22 32 33 50 14 40 34 10 
24 5 36 19 5 29 50 17 22 34 14 21 49 40 25 
57 54 19 38 46 62 42 38 51 25 40 49 66 14 34 
44 44 5 34 38 49 29 26 38 10 34 40 14 69 33 
46 30 32 5 19 52 57 29 42 35 10 25 34 33 28 
