15 6
1055 1728 1728 5184 576 1944 1944 5832 648 648 1944 216 1944 216 648 
1728 5226 576 1728 192 648 648 1944 216 216 648 72 648 72 216 
1728 576 1778 1728 192 648 648 1944 216 216 648 72 648 72 216 
5184 1728 1728 9854 576 1944 1944 5832 648 648 1944 216 1944 216 648 
576 192 192 576 2957 216 216 648 72 72 216 24 216 24 72 
1944 648 648 1944 216 2440 729 2187 243 243 729 81 729 81 243 
1944 648 648 1944 216 729 3342 2187 243 243 729 81 729 81 243 
5832 1944 1944 5832 648 2187 2187 1338 729 729 2187 243 2187 243 729 
648 216 216 648 72 243 243 729 4756 81 243 27 243 27 81 
648 216 216 648 72 243 243 729 81 5690 243 27 243 27 81 
1944 648 648 1944 216 729 729 2187 243 243 4856 81 729 81 243 
216 72 72 216 24 81 81 243 27 27 81 4174 81 9 27 
1944 648 648 1944 216 729 729 2187 243 243 729 81 2305 81 243 
216 72 72 216 24 81 81 243 27 27 81 9 81 293 27 
648 216 216 648 72 243 243 729 81 81 243 27 243 27 5345 
