15 6
51 13 15 26 25 14 15 21 0 2 25 13 12 14 26 
13 29 13 15 14 25 28 25 12 15 21 0 10 12 16 
15 13 30 28 15 29 25 34 15 14 34 13 21 0 28 
26 15 28 43 21 34 40 25 25 28 14 14 15 27 0 
25 14 15 21 1 39 39 39 25 26 32 14 24 15 21 
14 25 29 34 39 26 13 15 14 15 26 25 19 29 34 
15 28 25 40 39 13 30 28 15 13 36 28 26 25 41 
21 25 34 25 39 15 28 52 21 23 13 24 15 34 25 
0 12 15 25 25 14 15 21 51 3 24 13 12 15 26 
2 15 14 28 26 15 13 23 3 26 28 15 15 14 29 
25 21 34 14 32 26 36 13 24 28 31 21 13 33 14 
13 0 13 14 14 25 28 24 13 15 21 29 9 13 15 
12 10 21 15 24 19 26 15 12 15 13 9 56 21 15 
14 12 0 27 15 29 25 34 15 14 33 13 21 31 28 
26 16 28 0 21 34 41 25 26 29 14 15 15 28 42 
