15 6
53 29 6 7 1 8 23 34 28 7 11 8 30 24 35 
29 16 27 36 30 26 52 63 57 23 34 28 60 53 64 
6 27 46 13 6 13 26 39 32 8 17 13 34 28 40 
7 36 13 69 6 12 15 26 20 13 8 11 23 16 28 
1 30 6 6 56 8 21 33 26 8 10 8 29 23 34 
8 26 13 12 8 59 27 36 30 6 7 1 34 28 38 
23 52 26 15 21 27 12 13 6 29 21 26 7 1 14 
34 63 39 26 33 36 13 15 6 40 29 35 6 12 1 
28 57 32 20 26 30 6 6 2 34 23 29 4 6 7 
7 23 8 13 8 6 29 40 34 54 13 6 36 30 41 
11 34 17 8 10 7 21 29 23 13 73 6 27 22 30 
8 28 13 11 8 1 26 35 29 6 6 61 32 27 36 
30 60 34 23 29 34 7 6 4 36 27 32 26 6 6 
24 53 28 16 23 28 1 12 6 30 22 27 6 13 13 
35 64 40 28 34 38 14 1 7 41 30 36 6 13 13 
