15 6
16 6 13 15 19 4 15 23 27 17 19 24 28 33 42 
6 9 11 20 23 8 16 28 31 15 23 27 30 36 46 
13 11 31 19 18 10 8 26 26 4 20 20 23 27 41 
15 20 19 46 7 12 14 8 12 19 4 11 15 22 27 
19 23 18 7 54 15 10 8 8 17 3 4 9 15 23 
4 8 10 12 15 12 11 20 23 13 15 19 23 29 38 
15 16 8 14 10 11 26 19 18 6 13 12 15 19 33 
23 28 26 8 8 20 19 30 7 25 6 10 13 20 19 
27 31 26 12 8 23 18 7 39 24 8 6 7 13 15 
17 15 4 19 17 13 6 25 24 22 19 18 20 23 38 
19 23 20 4 3 15 13 6 8 19 40 7 11 18 23 
24 27 20 11 4 19 12 10 6 18 7 46 4 11 20 
28 30 23 15 9 23 15 13 7 20 11 4 38 7 18 
33 36 27 22 15 29 19 20 13 23 18 11 7 36 19 
42 46 41 27 23 38 33 19 15 38 23 20 18 19 14 
