21 7
1729 1728 1728 5184 576 4608 1944 1944 5832 648 5184 648 1944 216 1728 1944 216 1728 648 5184 576 
1728 7293 576 1728 192 1536 648 648 1944 216 1728 216 648 72 576 648 72 576 216 1728 192 
1728 576 8397 1728 192 1536 648 648 1944 216 1728 216 648 72 576 648 72 576 216 1728 192 
5184 1728 1728 7568 576 4608 1944 1944 5832 648 5184 648 1944 216 1728 1944 216 1728 648 5184 576 
576 192 192 576 2003 512 216 216 648 72 576 72 216 24 192 216 24 192 72 576 64 
4608 1536 1536 4608 512 3831 1728 1728 5184 576 4608 576 1728 192 1536 1728 192 1536 576 4608 512 
1944 648 648 1944 216 1728 2565 729 2187 243 1944 243 729 81 648 729 81 648 243 1944 216 
1944 648 648 1944 216 1728 729 1421 2187 243 1944 243 729 81 648 729 81 648 243 1944 216 
5832 1944 1944 5832 648 5184 2187 2187 9532 729 5832 729 2187 243 1944 2187 243 1944 729 5832 648 
648 216 216 648 72 576 243 243 729 1821 648 81 243 27 216 243 27 216 81 648 72 
5184 1728 1728 5184 576 4608 1944 1944 5832 648 9955 648 1944 216 1728 1944 216 1728 648 5184 576 
648 216 216 648 72 576 243 243 729 81 648 8320 243 27 216 243 27 216 81 648 72 
1944 648 648 1944 216 1728 729 729 2187 243 1944 243 919 81 648 729 81 648 243 1944 216 
216 72 72 216 24 192 81 81 243 27 216 27 81 7979 72 81 9 72 27 216 24 
1728 576 576 1728 192 1536 648 648 1944 216 1728 216 648 72 4807 648 72 576 216 1728 192 
1944 648 648 1944 216 1728 729 729 2187 243 1944 243 729 81 648 28 81 648 243 1944 216 
216 72 72 216 24 192 81 81 243 27 216 27 81 9 72 81 7660 72 27 216 24 
1728 576 576 1728 192 1536 648 648 1944 216 1728 216 648 72 576 648 72 8765 216 1728 192 
648 216 216 648 72 576 243 243 729 81 648 81 243 27 216 243 27 216 3259 648 72 
5184 1728 1728 5184 576 4608 1944 1944 5832 648 5184 648 1944 216 1728 1944 216 1728 648 720 576 
576 192 192 576 64 512 216 216 648 72 576 72 216 24 192 216 24 192 72 576 6640 
