36 9
1230 1728 1728 5184 576 4608 4032 1152 1944 1944 5832 648 5184 4536 1296 648 1944 216 1728 1512 432 1944 216 1728 1512 432 648 5184 4536 1296 576 504 144 4032 1152 1008 
1728 9129 576 1728 192 1536 1344 384 648 648 1944 216 1728 1512 432 216 648 72 576 504 144 648 72 576 504 144 216 1728 1512 432 192 168 48 1344 384 336 
1728 576 2373 1728 192 1536 1344 384 648 648 1944 216 1728 1512 432 216 648 72 576 504 144 648 72 576 504 144 216 1728 1512 432 192 168 48 1344 384 336 
5184 1728 1728 4857 576 4608 4032 1152 1944 1944 5832 648 5184 4536 1296 648 1944 216 1728 1512 432 1944 216 1728 1512 432 648 5184 4536 1296 576 504 144 4032 1152 1008 
576 192 192 576 8200 512 448 128 216 216 648 72 576 504 144 72 216 24 192 168 48 216 24 192 168 48 72 576 504 144 64 56 16 448 128 112 
4608 1536 1536 4608 512 1546 3584 1024 1728 1728 5184 576 4608 4032 1152 576 1728 192 1536 1344 384 1728 192 1536 1344 384 576 4608 4032 1152 512 448 128 3584 1024 896 
4032 1344 1344 4032 448 3584 2183 896 1512 1512 4536 504 4032 3528 1008 504 1512 168 1344 1176 336 1512 168 1344 1176 336 504 4032 3528 1008 448 392 112 3136 896 784 
1152 384 384 1152 128 1024 896 6069 432 432 1296 144 1152 1008 288 144 432 48 384 336 96 432 48 384 336 96 144 1152 1008 288 128 112 32 896 256 224 
1944 648 648 1944 216 1728 1512 432 2697 729 2187 243 1944 1701 486 243 729 81 648 567 162 729 81 648 567 162 243 1944 1701 486 216 189 54 1512 432 378 
1944 648 648 1944 216 1728 1512 432 729 691 2187 243 1944 1701 486 243 729 81 648 567 162 729 81 648 567 162 243 1944 1701 486 216 189 54 1512 432 378 
5832 1944 1944 5832 648 5184 4536 1296 2187 2187 9114 729 5832 5103 1458 729 2187 243 1944 1701 486 2187 243 1944 1701 486 729 5832 5103 1458 648 567 162 4536 1296 1134 
648 216 216 648 72 576 504 144 243 243 729 452 648 567 162 81 243 27 216 189 54 243 27 216 189 54 81 648 567 162 72 63 18 504 144 126 
5184 1728 1728 5184 576 4608 4032 1152 1944 1944 5832 648 276 4536 1296 648 1944 216 1728 1512 432 1944 216 1728 1512 432 648 5184 4536 1296 576 504 144 4032 1152 1008 
4536 1512 1512 4536 504 4032 3528 1008 1701 1701 5103 567 4536 8520 1134 567 1701 189 1512 1323 378 1701 189 1512 1323 378 567 4536 3969 1134 504 441 126 3528 1008 882 
1296 432 432 1296 144 1152 1008 288 486 486 1458 162 1296 1134 2720 162 486 54 432 378 108 486 54 432 378 108 162 1296 1134 324 144 126 36 1008 288 252 
648 216 216 648 72 576 504 144 243 243 729 81 648 567 162 3295 243 27 216 189 54 243 27 216 189 54 81 648 567 162 72 63 18 504 144 126 
1944 648 648 1944 216 1728 1512 432 729 729 2187 243 1944 1701 486 243 3612 81 648 567 162 729 81 648 567 162 243 1944 1701 486 216 189 54 1512 432 378 
216 72 72 216 24 192 168 48 81 81 243 27 216 189 54 27 81 8391 72 63 18 81 9 72 63 18 27 216 189 54 24 21 6 168 48 42 
1728 576 576 1728 192 1536 1344 384 648 648 1944 216 1728 1512 432 216 648 72 8754 504 144 648 72 576 504 144 216 1728 1512 432 192 168 48 1344 384 336 
1512 504 504 1512 168 1344 1176 336 567 567 1701 189 1512 1323 378 189 567 63 504 1339 126 567 63 504 441 126 189 1512 1323 378 168 147 42 1176 336 294 
432 144 144 432 48 384 336 96 162 162 486 54 432 378 108 54 162 18 144 126 2849 162 18 144 126 36 54 432 378 108 48 42 12 336 96 84 
1944 648 648 1944 216 1728 1512 432 729 729 2187 243 1944 1701 486 243 729 81 648 567 162 5145 81 648 567 162 243 1944 1701 486 216 189 54 1512 432 378 
216 72 72 216 24 192 168 48 81 81 243 27 216 189 54 27 81 9 72 63 18 81 2612 72 63 18 27 216 189 54 24 21 6 168 48 42 
1728 576 576 1728 192 1536 1344 384 648 648 1944 216 1728 1512 432 216 648 72 576 504 144 648 72 5019 504 144 216 1728 1512 432 192 168 48 1344 384 336 
1512 504 504 1512 168 1344 1176 336 567 567 1701 189 1512 1323 378 189 567 63 504 441 126 567 63 504 428 126 189 1512 1323 378 168 147 42 1176 336 294 
432 144 144 432 48 384 336 96 162 162 486 54 432 378 108 54 162 18 144 126 36 162 18 144 126 2599 54 432 378 108 48 42 12 336 96 84 
648 216 216 648 72 576 504 144 243 243 729 81 648 567 162 81 243 27 216 189 54 243 27 216 189 54 9035 648 567 162 72 63 18 504 144 126 
5184 1728 1728 5184 576 4608 4032 1152 1944 1944 5832 648 5184 4536 1296 648 1944 216 1728 1512 432 1944 216 1728 1512 432 648 68 4536 1296 576 504 144 4032 1152 1008 
4536 1512 1512 4536 504 4032 3528 1008 1701 1701 5103 567 4536 3969 1134 567 1701 189 1512 1323 378 1701 189 1512 1323 378 567 4536 7998 1134 504 441 126 3528 1008 882 
1296 432 432 1296 144 1152 1008 288 486 486 1458 162 1296 1134 324 162 486 54 432 378 108 486 54 432 378 108 162 1296 1134 4752 144 126 36 1008 288 252 
576 192 192 576 64 512 448 128 216 216 648 72 576 504 144 72 216 24 192 168 48 216 24 192 168 48 72 576 504 144 8524 56 16 448 128 112 
504 168 168 504 56 448 392 112 189 189 567 63 504 441 126 63 189 21 168 147 42 189 21 168 147 42 63 504 441 126 56 5121 14 392 112 98 
144 48 48 144 16 128 112 32 54 54 162 18 144 126 36 18 54 6 48 42 12 54 6 48 42 12 18 144 126 36 16 14 3908 112 32 28 
4032 1344 1344 4032 448 3584 3136 896 1512 1512 4536 504 4032 3528 1008 504 1512 168 1344 1176 336 1512 168 1344 1176 336 504 4032 3528 1008 448 392 112 8920 896 784 
1152 384 384 1152 128 1024 896 256 432 432 1296 144 1152 1008 288 144 432 48 384 336 96 432 48 384 336 96 144 1152 1008 288 128 112 32 896 2695 224 
1008 336 336 1008 112 896 784 224 378 378 1134 126 1008 882 252 126 378 42 336 294 84 378 42 336 294 84 126 1008 882 252 112 98 28 784 224 7000 
