21 7
31 21 15 34 19 20 36 31 36 33 35 52 53 55 56 45 48 50 52 52 53 
21 73 8 34 4 1 15 13 26 12 14 31 36 33 35 28 27 29 36 36 32 
15 8 62 38 8 8 21 15 33 18 20 36 44 40 41 36 33 35 44 44 39 
34 34 38 72 31 33 47 48 15 43 45 60 36 57 60 31 56 58 33 35 56 
19 4 8 31 67 2 19 17 24 15 18 35 36 36 38 28 31 33 36 36 35 
20 1 8 33 2 70 17 15 26 13 15 32 36 35 36 28 29 31 36 36 33 
36 15 21 47 19 17 43 8 34 4 1 15 34 19 20 28 12 14 36 35 17 
31 13 15 48 17 15 8 31 38 8 8 21 41 26 27 34 19 20 43 41 25 
36 26 33 15 24 26 34 38 69 31 33 46 21 42 45 15 42 44 19 20 41 
33 12 18 43 15 13 4 8 31 38 2 19 32 21 23 26 15 17 34 33 20 
35 14 20 45 18 15 1 8 33 2 40 17 34 20 21 27 13 15 36 34 19 
52 31 36 60 35 32 15 21 46 19 17 17 38 8 8 34 4 1 41 39 9 
53 36 44 36 36 36 34 41 21 32 34 38 69 31 33 8 35 37 4 1 30 
55 33 40 57 36 35 19 26 42 21 20 8 31 8 2 29 8 8 34 32 1 
56 35 41 60 38 36 20 27 45 23 21 8 33 2 3 32 9 8 37 34 4 
45 28 36 31 28 28 28 34 15 26 27 34 8 29 32 76 31 33 8 8 28 
48 27 33 56 31 29 12 19 42 15 13 4 35 8 9 31 17 2 38 36 8 
50 29 35 58 33 31 14 20 44 17 15 1 37 8 8 33 2 16 40 38 8 
52 36 44 33 36 36 36 43 19 34 36 41 4 34 37 8 38 40 62 2 33 
52 36 44 35 36 36 35 41 20 33 34 39 1 32 34 8 36 38 2 67 31 
53 32 39 56 35 33 17 25 41 20 19 9 30 1 4 28 8 8 33 31 5 
