190 20
1299 1728 1728 5184 576 4608 4032 1152 1152 5184 5760 3456 5760 5760 576 1152 1728 3456 2880 1944 1944 5832 648 5184 4536 1296 1296 5832 6480 3888 6480 6480 648 1296 1944 3888 3240 648 1944 216 1728 1512 432 432 1944 2160 1296 2160 2160 216 432 648 1296 1080 1944 216 1728 1512 432 432 1944 2160 1296 2160 2160 216 432 648 1296 1080 648 5184 4536 1296 1296 5832 6480 3888 6480 6480 648 1296 1944 3888 3240 576 504 144 144 648 720 432 720 720 72 144 216 432 360 4032 1152 1152 5184 5760 3456 5760 5760 576 1152 1728 3456 2880 1008 1008 4536 5040 3024 5040 5040 504 1008 1512 3024 2520 288 1296 1440 864 1440 1440 144 288 432 864 720 1296 1440 864 1440 1440 144 288 432 864 720 6480 3888 6480 6480 648 1296 1944 3888 3240 4320 7200 7200 720 1440 2160 4320 3600 4320 4320 432 864 1296 2592 2160 7200 720 1440 2160 4320 3600 720 1440 2160 4320 3600 144 216 432 360 432 864 720 1296 1080 2160 
1728 14 576 1728 192 1536 1344 384 384 1728 1920 1152 1920 1920 192 384 576 1152 960 648 648 1944 216 1728 1512 432 432 1944 2160 1296 2160 2160 216 432 648 1296 1080 216 648 72 576 504 144 144 648 720 432 720 720 72 144 216 432 360 648 72 576 504 144 144 648 720 432 720 720 72 144 216 432 360 216 1728 1512 432 432 1944 2160 1296 2160 2160 216 432 648 1296 1080 192 168 48 48 216 240 144 240 240 24 48 72 144 120 1344 384 384 1728 1920 1152 1920 1920 192 384 576 1152 960 336 336 1512 1680 1008 1680 1680 168 336 504 1008 840 96 432 480 288 480 480 48 96 144 288 240 432 480 288 480 480 48 96 144 288 240 2160 1296 2160 2160 216 432 648 1296 1080 1440 2400 2400 240 480 720 1440 1200 1440 1440 144 288 432 864 720 2400 240 480 720 1440 1200 240 480 720 1440 1200 48 72 144 120 144 288 240 432 360 720 
1728 576 6328 1728 192 1536 1344 384 384 1728 1920 1152 1920 1920 192 384 576 1152 960 648 648 1944 216 1728 1512 432 432 1944 2160 1296 2160 2160 216 432 648 1296 1080 216 648 72 576 504 144 144 648 720 432 720 720 72 144 216 432 360 648 72 576 504 144 144 648 720 432 720 720 72 144 216 432 360 216 1728 1512 432 432 1944 2160 1296 2160 2160 216 432 648 1296 1080 192 168 48 48 216 240 144 240 240 24 48 72 144 120 1344 384 384 1728 1920 1152 1920 1920 192 384 576 1152 960 336 336 1512 1680 1008 1680 1680 168 336 504 1008 840 96 432 480 288 480 480 48 96 144 288 240 432 480 288 480 480 48 96 144 288 240 2160 1296 2160 2160 216 432 648 1296 1080 1440 2400 2400 240 480 720 1440 1200 1440 1440 144 288 432 864 720 2400 240 480 720 1440 1200 240 480 720 1440 1200 48 72 144 120 144 288 240 432 360 720 
5184 1728 1728 7562 576 4608 4032 1152 1152 5184 5760 3456 5760 5760 576 1152 1728 3456 2880 1944 1944 5832 648 5184 4536 1296 1296 5832 6480 3888 6480 6480 648 1296 1944 3888 3240 648 1944 216 1728 1512 432 432 1944 2160 1296 2160 2160 216 432 648 1296 1080 1944 216 1728 1512 432 432 1944 2160 1296 2160 2160 216 432 648 1296 1080 648 5184 4536 1296 1296 5832 6480 3888 6480 6480 648 1296 1944 3888 3240 576 504 144 144 648 720 432 720 720 72 144 216 432 360 4032 1152 1152 5184 5760 3456 5760 5760 576 1152 1728 3456 2880 1008 1008 4536 5040 3024 5040 5040 504 1008 1512 3024 2520 288 1296 1440 864 1440 1440 144 288 432 864 720 1296 1440 864 1440 1440 144 288 432 864 720 6480 3888 6480 6480 648 1296 1944 3888 3240 4320 7200 7200 720 1440 2160 4320 3600 4320 4320 432 864 1296 2592 2160 7200 720 1440 2160 4320 3600 720 1440 2160 4320 3600 144 216 432 360 432 864 720 1296 1080 2160 
576 192 192 576 5988 512 448 128 128 576 640 384 640 640 64 128 192 384 320 216 216 648 72 576 504 144 144 648 720 432 720 720 72 144 216 432 360 72 216 24 192 168 48 48 216 240 144 240 240 24 48 72 144 120 216 24 192 168 48 48 216 240 144 240 240 24 48 72 144 120 72 576 504 144 144 648 720 432 720 720 72 144 216 432 360 64 56 16 16 72 80 48 80 80 8 16 24 48 40 448 128 128 576 640 384 640 640 64 128 192 384 320 112 112 504 560 336 560 560 56 112 168 336 280 32 144 160 96 160 160 16 32 48 96 80 144 160 96 160 160 16 32 48 96 80 720 432 720 720 72 144 216 432 360 480 800 800 80 160 240 480 400 480 480 48 96 144 288 240 800 80 160 240 480 400 80 160 240 480 400 16 24 48 40 48 96 80 144 120 240 
4608 1536 1536 4608 512 7825 3584 1024 1024 4608 5120 3072 5120 5120 512 1024 1536 3072 2560 1728 1728 5184 576 4608 4032 1152 1152 5184 5760 3456 5760 5760 576 1152 1728 3456 2880 576 1728 192 1536 1344 384 384 1728 1920 1152 1920 1920 192 384 576 1152 960 1728 192 1536 1344 384 384 1728 1920 1152 1920 1920 192 384 576 1152 960 576 4608 4032 1152 1152 5184 5760 3456 5760 5760 576 1152 1728 3456 2880 512 448 128 128 576 640 384 640 640 64 128 192 384 320 3584 1024 1024 4608 5120 3072 5120 5120 512 1024 1536 3072 2560 896 896 4032 4480 2688 4480 4480 448 896 1344 2688 2240 256 1152 1280 768 1280 1280 128 256 384 768 640 1152 1280 768 1280 1280 128 256 384 768 640 5760 3456 5760 5760 576 1152 1728 3456 2880 3840 6400 6400 640 1280 1920 3840 3200 3840 3840 384 768 1152 2304 1920 6400 640 1280 1920 3840 3200 640 1280 1920 3840 3200 128 192 384 320 384 768 640 1152 960 1920 
4032 1344 1344 4032 448 3584 5146 896 896 4032 4480 2688 4480 4480 448 896 1344 2688 2240 1512 1512 4536 504 4032 3528 1008 1008 4536 5040 3024 5040 5040 504 1008 1512 3024 2520 504 1512 168 1344 1176 336 336 1512 1680 1008 1680 1680 168 336 504 1008 840 1512 168 1344 1176 336 336 1512 1680 1008 1680 1680 168 336 504 1008 840 504 4032 3528 1008 1008 4536 5040 3024 5040 5040 504 1008 1512 3024 2520 448 392 112 112 504 560 336 560 560 56 112 168 336 280 3136 896 896 4032 4480 2688 4480 4480 448 896 1344 2688 2240 784 784 3528 3920 2352 3920 3920 392 784 1176 2352 1960 224 1008 1120 672 1120 1120 112 224 336 672 560 1008 1120 672 1120 1120 112 224 336 672 560 5040 3024 5040 5040 504 1008 1512 3024 2520 3360 5600 5600 560 1120 1680 3360 2800 3360 3360 336 672 1008 2016 1680 5600 560 1120 1680 3360 2800 560 1120 1680 3360 2800 112 168 336 280 336 672 560 1008 840 1680 
1152 384 384 1152 128 1024 896 7472 256 1152 1280 768 1280 1280 128 256 384 768 640 432 432 1296 144 1152 1008 288 288 1296 1440 864 1440 1440 144 288 432 864 720 144 432 48 384 336 96 96 432 480 288 480 480 48 96 144 288 240 432 48 384 336 96 96 432 480 288 480 480 48 96 144 288 240 144 1152 1008 288 288 1296 1440 864 1440 1440 144 288 432 864 720 128 112 32 32 144 160 96 160 160 16 32 48 96 80 896 256 256 1152 1280 768 1280 1280 128 256 384 768 640 224 224 1008 1120 672 1120 1120 112 224 336 672 560 64 288 320 192 320 320 32 64 96 192 160 288 320 192 320 320 32 64 96 192 160 1440 864 1440 1440 144 288 432 864 720 960 1600 1600 160 320 480 960 800 960 960 96 192 288 576 480 1600 160 320 480 960 800 160 320 480 960 800 32 48 96 80 96 192 160 288 240 480 
1152 384 384 1152 128 1024 896 256 7355 1152 1280 768 1280 1280 128 256 384 768 640 432 432 1296 144 1152 1008 288 288 1296 1440 864 1440 1440 144 288 432 864 720 144 432 48 384 336 96 96 432 480 288 480 480 48 96 144 288 240 432 48 384 336 96 96 432 480 288 480 480 48 96 144 288 240 144 1152 1008 288 288 1296 1440 864 1440 1440 144 288 432 864 720 128 112 32 32 144 160 96 160 160 16 32 48 96 80 896 256 256 1152 1280 768 1280 1280 128 256 384 768 640 224 224 1008 1120 672 1120 1120 112 224 336 672 560 64 288 320 192 320 320 32 64 96 192 160 288 320 192 320 320 32 64 96 192 160 1440 864 1440 1440 144 288 432 864 720 960 1600 1600 160 320 480 960 800 960 960 96 192 288 576 480 1600 160 320 480 960 800 160 320 480 960 800 32 48 96 80 96 192 160 288 240 480 
5184 1728 1728 5184 576 4608 4032 1152 1152 2005 5760 3456 5760 5760 576 1152 1728 3456 2880 1944 1944 5832 648 5184 4536 1296 1296 5832 6480 3888 6480 6480 648 1296 1944 3888 3240 648 1944 216 1728 1512 432 432 1944 2160 1296 2160 2160 216 432 648 1296 1080 1944 216 1728 1512 432 432 1944 2160 1296 2160 2160 216 432 648 1296 1080 648 5184 4536 1296 1296 5832 6480 3888 6480 6480 648 1296 1944 3888 3240 576 504 144 144 648 720 432 720 720 72 144 216 432 360 4032 1152 1152 5184 5760 3456 5760 5760 576 1152 1728 3456 2880 1008 1008 4536 5040 3024 5040 5040 504 1008 1512 3024 2520 288 1296 1440 864 1440 1440 144 288 432 864 720 1296 1440 864 1440 1440 144 288 432 864 720 6480 3888 6480 6480 648 1296 1944 3888 3240 4320 7200 7200 720 1440 2160 4320 3600 4320 4320 432 864 1296 2592 2160 7200 720 1440 2160 4320 3600 720 1440 2160 4320 3600 144 216 432 360 432 864 720 1296 1080 2160 
5760 1920 1920 5760 640 5120 4480 1280 1280 5760 6903 3840 6400 6400 640 1280 1920 3840 3200 2160 2160 6480 720 5760 5040 1440 1440 6480 7200 4320 7200 7200 720 1440 2160 4320 3600 720 2160 240 1920 1680 480 480 2160 2400 1440 2400 2400 240 480 720 1440 1200 2160 240 1920 1680 480 480 2160 2400 1440 2400 2400 240 480 720 1440 1200 720 5760 5040 1440 1440 6480 7200 4320 7200 7200 720 1440 2160 4320 3600 640 560 160 160 720 800 480 800 800 80 160 240 480 400 4480 1280 1280 5760 6400 3840 6400 6400 640 1280 1920 3840 3200 1120 1120 5040 5600 3360 5600 5600 560 1120 1680 3360 2800 320 1440 1600 960 1600 1600 160 320 480 960 800 1440 1600 960 1600 1600 160 320 480 960 800 7200 4320 7200 7200 720 1440 2160 4320 3600 4800 8000 8000 800 1600 2400 4800 4000 4800 4800 480 960 1440 2880 2400 8000 800 1600 2400 4800 4000 800 1600 2400 4800 4000 160 240 480 400 480 960 800 1440 1200 2400 
3456 1152 1152 3456 384 3072 2688 768 768 3456 3840 7889 3840 3840 384 768 1152 2304 1920 1296 1296 3888 432 3456 3024 864 864 3888 4320 2592 4320 4320 432 864 1296 2592 2160 432 1296 144 1152 1008 288 288 1296 1440 864 1440 1440 144 288 432 864 720 1296 144 1152 1008 288 288 1296 1440 864 1440 1440 144 288 432 864 720 432 3456 3024 864 864 3888 4320 2592 4320 4320 432 864 1296 2592 2160 384 336 96 96 432 480 288 480 480 48 96 144 288 240 2688 768 768 3456 3840 2304 3840 3840 384 768 1152 2304 1920 672 672 3024 3360 2016 3360 3360 336 672 1008 2016 1680 192 864 960 576 960 960 96 192 288 576 480 864 960 576 960 960 96 192 288 576 480 4320 2592 4320 4320 432 864 1296 2592 2160 2880 4800 4800 480 960 1440 2880 2400 2880 2880 288 576 864 1728 1440 4800 480 960 1440 2880 2400 480 960 1440 2880 2400 96 144 288 240 288 576 480 864 720 1440 
5760 1920 1920 5760 640 5120 4480 1280 1280 5760 6400 3840 997 6400 640 1280 1920 3840 3200 2160 2160 6480 720 5760 5040 1440 1440 6480 7200 4320 7200 7200 720 1440 2160 4320 3600 720 2160 240 1920 1680 480 480 2160 2400 1440 2400 2400 240 480 720 1440 1200 2160 240 1920 1680 480 480 2160 2400 1440 2400 2400 240 480 720 1440 1200 720 5760 5040 1440 1440 6480 7200 4320 7200 7200 720 1440 2160 4320 3600 640 560 160 160 720 800 480 800 800 80 160 240 480 400 4480 1280 1280 5760 6400 3840 6400 6400 640 1280 1920 3840 3200 1120 1120 5040 5600 3360 5600 5600 560 1120 1680 3360 2800 320 1440 1600 960 1600 1600 160 320 480 960 800 1440 1600 960 1600 1600 160 320 480 960 800 7200 4320 7200 7200 720 1440 2160 4320 3600 4800 8000 8000 800 1600 2400 4800 4000 4800 4800 480 960 1440 2880 2400 8000 800 1600 2400 4800 4000 800 1600 2400 4800 4000 160 240 480 400 480 960 800 1440 1200 2400 
5760 1920 1920 5760 640 5120 4480 1280 1280 5760 6400 3840 6400 95 640 1280 1920 3840 3200 2160 2160 6480 720 5760 5040 1440 1440 6480 7200 4320 7200 7200 720 1440 2160 4320 3600 720 2160 240 1920 1680 480 480 2160 2400 1440 2400 2400 240 480 720 1440 1200 2160 240 1920 1680 480 480 2160 2400 1440 2400 2400 240 480 720 1440 1200 720 5760 5040 1440 1440 6480 7200 4320 7200 7200 720 1440 2160 4320 3600 640 560 160 160 720 800 480 800 800 80 160 240 480 400 4480 1280 1280 5760 6400 3840 6400 6400 640 1280 1920 3840 3200 1120 1120 5040 5600 3360 5600 5600 560 1120 1680 3360 2800 320 1440 1600 960 1600 1600 160 320 480 960 800 1440 1600 960 1600 1600 160 320 480 960 800 7200 4320 7200 7200 720 1440 2160 4320 3600 4800 8000 8000 800 1600 2400 4800 4000 4800 4800 480 960 1440 2880 2400 8000 800 1600 2400 4800 4000 800 1600 2400 4800 4000 160 240 480 400 480 960 800 1440 1200 2400 
576 192 192 576 64 512 448 128 128 576 640 384 640 640 3598 128 192 384 320 216 216 648 72 576 504 144 144 648 720 432 720 720 72 144 216 432 360 72 216 24 192 168 48 48 216 240 144 240 240 24 48 72 144 120 216 24 192 168 48 48 216 240 144 240 240 24 48 72 144 120 72 576 504 144 144 648 720 432 720 720 72 144 216 432 360 64 56 16 16 72 80 48 80 80 8 16 24 48 40 448 128 128 576 640 384 640 640 64 128 192 384 320 112 112 504 560 336 560 560 56 112 168 336 280 32 144 160 96 160 160 16 32 48 96 80 144 160 96 160 160 16 32 48 96 80 720 432 720 720 72 144 216 432 360 480 800 800 80 160 240 480 400 480 480 48 96 144 288 240 800 80 160 240 480 400 80 160 240 480 400 16 24 48 40 48 96 80 144 120 240 
1152 384 384 1152 128 1024 896 256 256 1152 1280 768 1280 1280 128 6570 384 768 640 432 432 1296 144 1152 1008 288 288 1296 1440 864 1440 1440 144 288 432 864 720 144 432 48 384 336 96 96 432 480 288 480 480 48 96 144 288 240 432 48 384 336 96 96 432 480 288 480 480 48 96 144 288 240 144 1152 1008 288 288 1296 1440 864 1440 1440 144 288 432 864 720 128 112 32 32 144 160 96 160 160 16 32 48 96 80 896 256 256 1152 1280 768 1280 1280 128 256 384 768 640 224 224 1008 1120 672 1120 1120 112 224 336 672 560 64 288 320 192 320 320 32 64 96 192 160 288 320 192 320 320 32 64 96 192 160 1440 864 1440 1440 144 288 432 864 720 960 1600 1600 160 320 480 960 800 960 960 96 192 288 576 480 1600 160 320 480 960 800 160 320 480 960 800 32 48 96 80 96 192 160 288 240 480 
1728 576 576 1728 192 1536 1344 384 384 1728 1920 1152 1920 1920 192 384 2588 1152 960 648 648 1944 216 1728 1512 432 432 1944 2160 1296 2160 2160 216 432 648 1296 1080 216 648 72 576 504 144 144 648 720 432 720 720 72 144 216 432 360 648 72 576 504 144 144 648 720 432 720 720 72 144 216 432 360 216 1728 1512 432 432 1944 2160 1296 2160 2160 216 432 648 1296 1080 192 168 48 48 216 240 144 240 240 24 48 72 144 120 1344 384 384 1728 1920 1152 1920 1920 192 384 576 1152 960 336 336 1512 1680 1008 1680 1680 168 336 504 1008 840 96 432 480 288 480 480 48 96 144 288 240 432 480 288 480 480 48 96 144 288 240 2160 1296 2160 2160 216 432 648 1296 1080 1440 2400 2400 240 480 720 1440 1200 1440 1440 144 288 432 864 720 2400 240 480 720 1440 1200 240 480 720 1440 1200 48 72 144 120 144 288 240 432 360 720 
3456 1152 1152 3456 384 3072 2688 768 768 3456 3840 2304 3840 3840 384 768 1152 6150 1920 1296 1296 3888 432 3456 3024 864 864 3888 4320 2592 4320 4320 432 864 1296 2592 2160 432 1296 144 1152 1008 288 288 1296 1440 864 1440 1440 144 288 432 864 720 1296 144 1152 1008 288 288 1296 1440 864 1440 1440 144 288 432 864 720 432 3456 3024 864 864 3888 4320 2592 4320 4320 432 864 1296 2592 2160 384 336 96 96 432 480 288 480 480 48 96 144 288 240 2688 768 768 3456 3840 2304 3840 3840 384 768 1152 2304 1920 672 672 3024 3360 2016 3360 3360 336 672 1008 2016 1680 192 864 960 576 960 960 96 192 288 576 480 864 960 576 960 960 96 192 288 576 480 4320 2592 4320 4320 432 864 1296 2592 2160 2880 4800 4800 480 960 1440 2880 2400 2880 2880 288 576 864 1728 1440 4800 480 960 1440 2880 2400 480 960 1440 2880 2400 96 144 288 240 288 576 480 864 720 1440 
2880 960 960 2880 320 2560 2240 640 640 2880 3200 1920 3200 3200 320 640 960 1920 3294 1080 1080 3240 360 2880 2520 720 720 3240 3600 2160 3600 3600 360 720 1080 2160 1800 360 1080 120 960 840 240 240 1080 1200 720 1200 1200 120 240 360 720 600 1080 120 960 840 240 240 1080 1200 720 1200 1200 120 240 360 720 600 360 2880 2520 720 720 3240 3600 2160 3600 3600 360 720 1080 2160 1800 320 280 80 80 360 400 240 400 400 40 80 120 240 200 2240 640 640 2880 3200 1920 3200 3200 320 640 960 1920 1600 560 560 2520 2800 1680 2800 2800 280 560 840 1680 1400 160 720 800 480 800 800 80 160 240 480 400 720 800 480 800 800 80 160 240 480 400 3600 2160 3600 3600 360 720 1080 2160 1800 2400 4000 4000 400 800 1200 2400 2000 2400 2400 240 480 720 1440 1200 4000 400 800 1200 2400 2000 400 800 1200 2400 2000 80 120 240 200 240 480 400 720 600 1200 
1944 648 648 1944 216 1728 1512 432 432 1944 2160 1296 2160 2160 216 432 648 1296 1080 7812 729 2187 243 1944 1701 486 486 2187 2430 1458 2430 2430 243 486 729 1458 1215 243 729 81 648 567 162 162 729 810 486 810 810 81 162 243 486 405 729 81 648 567 162 162 729 810 486 810 810 81 162 243 486 405 243 1944 1701 486 486 2187 2430 1458 2430 2430 243 486 729 1458 1215 216 189 54 54 243 270 162 270 270 27 54 81 162 135 1512 432 432 1944 2160 1296 2160 2160 216 432 648 1296 1080 378 378 1701 1890 1134 1890 1890 189 378 567 1134 945 108 486 540 324 540 540 54 108 162 324 270 486 540 324 540 540 54 108 162 324 270 2430 1458 2430 2430 243 486 729 1458 1215 1620 2700 2700 270 540 810 1620 1350 1620 1620 162 324 486 972 810 2700 270 540 810 1620 1350 270 540 810 1620 1350 54 81 162 135 162 324 270 486 405 810 
1944 648 648 1944 216 1728 1512 432 432 1944 2160 1296 2160 2160 216 432 648 1296 1080 729 805 2187 243 1944 1701 486 486 2187 2430 1458 2430 2430 243 486 729 1458 1215 243 729 81 648 567 162 162 729 810 486 810 810 81 162 243 486 405 729 81 648 567 162 162 729 810 486 810 810 81 162 243 486 405 243 1944 1701 486 486 2187 2430 1458 2430 2430 243 486 729 1458 1215 216 189 54 54 243 270 162 270 270 27 54 81 162 135 1512 432 432 1944 2160 1296 2160 2160 216 432 648 1296 1080 378 378 1701 1890 1134 1890 1890 189 378 567 1134 945 108 486 540 324 540 540 54 108 162 324 270 486 540 324 540 540 54 108 162 324 270 2430 1458 2430 2430 243 486 729 1458 1215 1620 2700 2700 270 540 810 1620 1350 1620 1620 162 324 486 972 810 2700 270 540 810 1620 1350 270 540 810 1620 1350 54 81 162 135 162 324 270 486 405 810 
5832 1944 1944 5832 648 5184 4536 1296 1296 5832 6480 3888 6480 6480 648 1296 1944 3888 3240 2187 2187 4292 729 5832 5103 1458 1458 6561 7290 4374 7290 7290 729 1458 2187 4374 3645 729 2187 243 1944 1701 486 486 2187 2430 1458 2430 2430 243 486 729 1458 1215 2187 243 1944 1701 486 486 2187 2430 1458 2430 2430 243 486 729 1458 1215 729 5832 5103 1458 1458 6561 7290 4374 7290 7290 729 1458 2187 4374 3645 648 567 162 162 729 810 486 810 810 81 162 243 486 405 4536 1296 1296 5832 6480 3888 6480 6480 648 1296 1944 3888 3240 1134 1134 5103 5670 3402 5670 5670 567 1134 1701 3402 2835 324 1458 1620 972 1620 1620 162 324 486 972 810 1458 1620 972 1620 1620 162 324 486 972 810 7290 4374 7290 7290 729 1458 2187 4374 3645 4860 8100 8100 810 1620 2430 4860 4050 4860 4860 486 972 1458 2916 2430 8100 810 1620 2430 4860 4050 810 1620 2430 4860 4050 162 243 486 405 486 972 810 1458 1215 2430 
648 216 216 648 72 576 504 144 144 648 720 432 720 720 72 144 216 432 360 243 243 729 9699 648 567 162 162 729 810 486 810 810 81 162 243 486 405 81 243 27 216 189 54 54 243 270 162 270 270 27 54 81 162 135 243 27 216 189 54 54 243 270 162 270 270 27 54 81 162 135 81 648 567 162 162 729 810 486 810 810 81 162 243 486 405 72 63 18 18 81 90 54 90 90 9 18 27 54 45 504 144 144 648 720 432 720 720 72 144 216 432 360 126 126 567 630 378 630 630 63 126 189 378 315 36 162 180 108 180 180 18 36 54 108 90 162 180 108 180 180 18 36 54 108 90 810 486 810 810 81 162 243 486 405 540 900 900 90 180 270 540 450 540 540 54 108 162 324 270 900 90 180 270 540 450 90 180 270 540 450 18 27 54 45 54 108 90 162 135 270 
5184 1728 1728 5184 576 4608 4032 1152 1152 5184 5760 3456 5760 5760 576 1152 1728 3456 2880 1944 1944 5832 648 3542 4536 1296 1296 5832 6480 3888 6480 6480 648 1296 1944 3888 3240 648 1944 216 1728 1512 432 432 1944 2160 1296 2160 2160 216 432 648 1296 1080 1944 216 1728 1512 432 432 1944 2160 1296 2160 2160 216 432 648 1296 1080 648 5184 4536 1296 1296 5832 6480 3888 6480 6480 648 1296 1944 3888 3240 576 504 144 144 648 720 432 720 720 72 144 216 432 360 4032 1152 1152 5184 5760 3456 5760 5760 576 1152 1728 3456 2880 1008 1008 4536 5040 3024 5040 5040 504 1008 1512 3024 2520 288 1296 1440 864 1440 1440 144 288 432 864 720 1296 1440 864 1440 1440 144 288 432 864 720 6480 3888 6480 6480 648 1296 1944 3888 3240 4320 7200 7200 720 1440 2160 4320 3600 4320 4320 432 864 1296 2592 2160 7200 720 1440 2160 4320 3600 720 1440 2160 4320 3600 144 216 432 360 432 864 720 1296 1080 2160 
4536 1512 1512 4536 504 4032 3528 1008 1008 4536 5040 3024 5040 5040 504 1008 1512 3024 2520 1701 1701 5103 567 4536 8603 1134 1134 5103 5670 3402 5670 5670 567 1134 1701 3402 2835 567 1701 189 1512 1323 378 378 1701 1890 1134 1890 1890 189 378 567 1134 945 1701 189 1512 1323 378 378 1701 1890 1134 1890 1890 189 378 567 1134 945 567 4536 3969 1134 1134 5103 5670 3402 5670 5670 567 1134 1701 3402 2835 504 441 126 126 567 630 378 630 630 63 126 189 378 315 3528 1008 1008 4536 5040 3024 5040 5040 504 1008 1512 3024 2520 882 882 3969 4410 2646 4410 4410 441 882 1323 2646 2205 252 1134 1260 756 1260 1260 126 252 378 756 630 1134 1260 756 1260 1260 126 252 378 756 630 5670 3402 5670 5670 567 1134 1701 3402 2835 3780 6300 6300 630 1260 1890 3780 3150 3780 3780 378 756 1134 2268 1890 6300 630 1260 1890 3780 3150 630 1260 1890 3780 3150 126 189 378 315 378 756 630 1134 945 1890 
1296 432 432 1296 144 1152 1008 288 288 1296 1440 864 1440 1440 144 288 432 864 720 486 486 1458 162 1296 1134 6286 324 1458 1620 972 1620 1620 162 324 486 972 810 162 486 54 432 378 108 108 486 540 324 540 540 54 108 162 324 270 486 54 432 378 108 108 486 540 324 540 540 54 108 162 324 270 162 1296 1134 324 324 1458 1620 972 1620 1620 162 324 486 972 810 144 126 36 36 162 180 108 180 180 18 36 54 108 90 1008 288 288 1296 1440 864 1440 1440 144 288 432 864 720 252 252 1134 1260 756 1260 1260 126 252 378 756 630 72 324 360 216 360 360 36 72 108 216 180 324 360 216 360 360 36 72 108 216 180 1620 972 1620 1620 162 324 486 972 810 1080 1800 1800 180 360 540 1080 900 1080 1080 108 216 324 648 540 1800 180 360 540 1080 900 180 360 540 1080 900 36 54 108 90 108 216 180 324 270 540 
1296 432 432 1296 144 1152 1008 288 288 1296 1440 864 1440 1440 144 288 432 864 720 486 486 1458 162 1296 1134 324 8015 1458 1620 972 1620 1620 162 324 486 972 810 162 486 54 432 378 108 108 486 540 324 540 540 54 108 162 324 270 486 54 432 378 108 108 486 540 324 540 540 54 108 162 324 270 162 1296 1134 324 324 1458 1620 972 1620 1620 162 324 486 972 810 144 126 36 36 162 180 108 180 180 18 36 54 108 90 1008 288 288 1296 1440 864 1440 1440 144 288 432 864 720 252 252 1134 1260 756 1260 1260 126 252 378 756 630 72 324 360 216 360 360 36 72 108 216 180 324 360 216 360 360 36 72 108 216 180 1620 972 1620 1620 162 324 486 972 810 1080 1800 1800 180 360 540 1080 900 1080 1080 108 216 324 648 540 1800 180 360 540 1080 900 180 360 540 1080 900 36 54 108 90 108 216 180 324 270 540 
5832 1944 1944 5832 648 5184 4536 1296 1296 5832 6480 3888 6480 6480 648 1296 1944 3888 3240 2187 2187 6561 729 5832 5103 1458 1458 283 7290 4374 7290 7290 729 1458 2187 4374 3645 729 2187 243 1944 1701 486 486 2187 2430 1458 2430 2430 243 486 729 1458 1215 2187 243 1944 1701 486 486 2187 2430 1458 2430 2430 243 486 729 1458 1215 729 5832 5103 1458 1458 6561 7290 4374 7290 7290 729 1458 2187 4374 3645 648 567 162 162 729 810 486 810 810 81 162 243 486 405 4536 1296 1296 5832 6480 3888 6480 6480 648 1296 1944 3888 3240 1134 1134 5103 5670 3402 5670 5670 567 1134 1701 3402 2835 324 1458 1620 972 1620 1620 162 324 486 972 810 1458 1620 972 1620 1620 162 324 486 972 810 7290 4374 7290 7290 729 1458 2187 4374 3645 4860 8100 8100 810 1620 2430 4860 4050 4860 4860 486 972 1458 2916 2430 8100 810 1620 2430 4860 4050 810 1620 2430 4860 4050 162 243 486 405 486 972 810 1458 1215 2430 
6480 2160 2160 6480 720 5760 5040 1440 1440 6480 7200 4320 7200 7200 720 1440 2160 4320 3600 2430 2430 7290 810 6480 5670 1620 1620 7290 5964 4860 8100 8100 810 1620 2430 4860 4050 810 2430 270 2160 1890 540 540 2430 2700 1620 2700 2700 270 540 810 1620 1350 2430 270 2160 1890 540 540 2430 2700 1620 2700 2700 270 540 810 1620 1350 810 6480 5670 1620 1620 7290 8100 4860 8100 8100 810 1620 2430 4860 4050 720 630 180 180 810 900 540 900 900 90 180 270 540 450 5040 1440 1440 6480 7200 4320 7200 7200 720 1440 2160 4320 3600 1260 1260 5670 6300 3780 6300 6300 630 1260 1890 3780 3150 360 1620 1800 1080 1800 1800 180 360 540 1080 900 1620 1800 1080 1800 1800 180 360 540 1080 900 8100 4860 8100 8100 810 1620 2430 4860 4050 5400 9000 9000 900 1800 2700 5400 4500 5400 5400 540 1080 1620 3240 2700 9000 900 1800 2700 5400 4500 900 1800 2700 5400 4500 180 270 540 450 540 1080 900 1620 1350 2700 
3888 1296 1296 3888 432 3456 3024 864 864 3888 4320 2592 4320 4320 432 864 1296 2592 2160 1458 1458 4374 486 3888 3402 972 972 4374 4860 3928 4860 4860 486 972 1458 2916 2430 486 1458 162 1296 1134 324 324 1458 1620 972 1620 1620 162 324 486 972 810 1458 162 1296 1134 324 324 1458 1620 972 1620 1620 162 324 486 972 810 486 3888 3402 972 972 4374 4860 2916 4860 4860 486 972 1458 2916 2430 432 378 108 108 486 540 324 540 540 54 108 162 324 270 3024 864 864 3888 4320 2592 4320 4320 432 864 1296 2592 2160 756 756 3402 3780 2268 3780 3780 378 756 1134 2268 1890 216 972 1080 648 1080 1080 108 216 324 648 540 972 1080 648 1080 1080 108 216 324 648 540 4860 2916 4860 4860 486 972 1458 2916 2430 3240 5400 5400 540 1080 1620 3240 2700 3240 3240 324 648 972 1944 1620 5400 540 1080 1620 3240 2700 540 1080 1620 3240 2700 108 162 324 270 324 648 540 972 810 1620 
6480 2160 2160 6480 720 5760 5040 1440 1440 6480 7200 4320 7200 7200 720 1440 2160 4320 3600 2430 2430 7290 810 6480 5670 1620 1620 7290 8100 4860 8028 8100 810 1620 2430 4860 4050 810 2430 270 2160 1890 540 540 2430 2700 1620 2700 2700 270 540 810 1620 1350 2430 270 2160 1890 540 540 2430 2700 1620 2700 2700 270 540 810 1620 1350 810 6480 5670 1620 1620 7290 8100 4860 8100 8100 810 1620 2430 4860 4050 720 630 180 180 810 900 540 900 900 90 180 270 540 450 5040 1440 1440 6480 7200 4320 7200 7200 720 1440 2160 4320 3600 1260 1260 5670 6300 3780 6300 6300 630 1260 1890 3780 3150 360 1620 1800 1080 1800 1800 180 360 540 1080 900 1620 1800 1080 1800 1800 180 360 540 1080 900 8100 4860 8100 8100 810 1620 2430 4860 4050 5400 9000 9000 900 1800 2700 5400 4500 5400 5400 540 1080 1620 3240 2700 9000 900 1800 2700 5400 4500 900 1800 2700 5400 4500 180 270 540 450 540 1080 900 1620 1350 2700 
6480 2160 2160 6480 720 5760 5040 1440 1440 6480 7200 4320 7200 7200 720 1440 2160 4320 3600 2430 2430 7290 810 6480 5670 1620 1620 7290 8100 4860 8100 6966 810 1620 2430 4860 4050 810 2430 270 2160 1890 540 540 2430 2700 1620 2700 2700 270 540 810 1620 1350 2430 270 2160 1890 540 540 2430 2700 1620 2700 2700 270 540 810 1620 1350 810 6480 5670 1620 1620 7290 8100 4860 8100 8100 810 1620 2430 4860 4050 720 630 180 180 810 900 540 900 900 90 180 270 540 450 5040 1440 1440 6480 7200 4320 7200 7200 720 1440 2160 4320 3600 1260 1260 5670 6300 3780 6300 6300 630 1260 1890 3780 3150 360 1620 1800 1080 1800 1800 180 360 540 1080 900 1620 1800 1080 1800 1800 180 360 540 1080 900 8100 4860 8100 8100 810 1620 2430 4860 4050 5400 9000 9000 900 1800 2700 5400 4500 5400 5400 540 1080 1620 3240 2700 9000 900 1800 2700 5400 4500 900 1800 2700 5400 4500 180 270 540 450 540 1080 900 1620 1350 2700 
648 216 216 648 72 576 504 144 144 648 720 432 720 720 72 144 216 432 360 243 243 729 81 648 567 162 162 729 810 486 810 810 8242 162 243 486 405 81 243 27 216 189 54 54 243 270 162 270 270 27 54 81 162 135 243 27 216 189 54 54 243 270 162 270 270 27 54 81 162 135 81 648 567 162 162 729 810 486 810 810 81 162 243 486 405 72 63 18 18 81 90 54 90 90 9 18 27 54 45 504 144 144 648 720 432 720 720 72 144 216 432 360 126 126 567 630 378 630 630 63 126 189 378 315 36 162 180 108 180 180 18 36 54 108 90 162 180 108 180 180 18 36 54 108 90 810 486 810 810 81 162 243 486 405 540 900 900 90 180 270 540 450 540 540 54 108 162 324 270 900 90 180 270 540 450 90 180 270 540 450 18 27 54 45 54 108 90 162 135 270 
1296 432 432 1296 144 1152 1008 288 288 1296 1440 864 1440 1440 144 288 432 864 720 486 486 1458 162 1296 1134 324 324 1458 1620 972 1620 1620 162 4947 486 972 810 162 486 54 432 378 108 108 486 540 324 540 540 54 108 162 324 270 486 54 432 378 108 108 486 540 324 540 540 54 108 162 324 270 162 1296 1134 324 324 1458 1620 972 1620 1620 162 324 486 972 810 144 126 36 36 162 180 108 180 180 18 36 54 108 90 1008 288 288 1296 1440 864 1440 1440 144 288 432 864 720 252 252 1134 1260 756 1260 1260 126 252 378 756 630 72 324 360 216 360 360 36 72 108 216 180 324 360 216 360 360 36 72 108 216 180 1620 972 1620 1620 162 324 486 972 810 1080 1800 1800 180 360 540 1080 900 1080 1080 108 216 324 648 540 1800 180 360 540 1080 900 180 360 540 1080 900 36 54 108 90 108 216 180 324 270 540 
1944 648 648 1944 216 1728 1512 432 432 1944 2160 1296 2160 2160 216 432 648 1296 1080 729 729 2187 243 1944 1701 486 486 2187 2430 1458 2430 2430 243 486 305 1458 1215 243 729 81 648 567 162 162 729 810 486 810 810 81 162 243 486 405 729 81 648 567 162 162 729 810 486 810 810 81 162 243 486 405 243 1944 1701 486 486 2187 2430 1458 2430 2430 243 486 729 1458 1215 216 189 54 54 243 270 162 270 270 27 54 81 162 135 1512 432 432 1944 2160 1296 2160 2160 216 432 648 1296 1080 378 378 1701 1890 1134 1890 1890 189 378 567 1134 945 108 486 540 324 540 540 54 108 162 324 270 486 540 324 540 540 54 108 162 324 270 2430 1458 2430 2430 243 486 729 1458 1215 1620 2700 2700 270 540 810 1620 1350 1620 1620 162 324 486 972 810 2700 270 540 810 1620 1350 270 540 810 1620 1350 54 81 162 135 162 324 270 486 405 810 
3888 1296 1296 3888 432 3456 3024 864 864 3888 4320 2592 4320 4320 432 864 1296 2592 2160 1458 1458 4374 486 3888 3402 972 972 4374 4860 2916 4860 4860 486 972 1458 659 2430 486 1458 162 1296 1134 324 324 1458 1620 972 1620 1620 162 324 486 972 810 1458 162 1296 1134 324 324 1458 1620 972 1620 1620 162 324 486 972 810 486 3888 3402 972 972 4374 4860 2916 4860 4860 486 972 1458 2916 2430 432 378 108 108 486 540 324 540 540 54 108 162 324 270 3024 864 864 3888 4320 2592 4320 4320 432 864 1296 2592 2160 756 756 3402 3780 2268 3780 3780 378 756 1134 2268 1890 216 972 1080 648 1080 1080 108 216 324 648 540 972 1080 648 1080 1080 108 216 324 648 540 4860 2916 4860 4860 486 972 1458 2916 2430 3240 5400 5400 540 1080 1620 3240 2700 3240 3240 324 648 972 1944 1620 5400 540 1080 1620 3240 2700 540 1080 1620 3240 2700 108 162 324 270 324 648 540 972 810 1620 
3240 1080 1080 3240 360 2880 2520 720 720 3240 3600 2160 3600 3600 360 720 1080 2160 1800 1215 1215 3645 405 3240 2835 810 810 3645 4050 2430 4050 4050 405 810 1215 2430 7525 405 1215 135 1080 945 270 270 1215 1350 810 1350 1350 135 270 405 810 675 1215 135 1080 945 270 270 1215 1350 810 1350 1350 135 270 405 810 675 405 3240 2835 810 810 3645 4050 2430 4050 4050 405 810 1215 2430 2025 360 315 90 90 405 450 270 450 450 45 90 135 270 225 2520 720 720 3240 3600 2160 3600 3600 360 720 1080 2160 1800 630 630 2835 3150 1890 3150 3150 315 630 945 1890 1575 180 810 900 540 900 900 90 180 270 540 450 810 900 540 900 900 90 180 270 540 450 4050 2430 4050 4050 405 810 1215 2430 2025 2700 4500 4500 450 900 1350 2700 2250 2700 2700 270 540 810 1620 1350 4500 450 900 1350 2700 2250 450 900 1350 2700 2250 90 135 270 225 270 540 450 810 675 1350 
648 216 216 648 72 576 504 144 144 648 720 432 720 720 72 144 216 432 360 243 243 729 81 648 567 162 162 729 810 486 810 810 81 162 243 486 405 4489 243 27 216 189 54 54 243 270 162 270 270 27 54 81 162 135 243 27 216 189 54 54 243 270 162 270 270 27 54 81 162 135 81 648 567 162 162 729 810 486 810 810 81 162 243 486 405 72 63 18 18 81 90 54 90 90 9 18 27 54 45 504 144 144 648 720 432 720 720 72 144 216 432 360 126 126 567 630 378 630 630 63 126 189 378 315 36 162 180 108 180 180 18 36 54 108 90 162 180 108 180 180 18 36 54 108 90 810 486 810 810 81 162 243 486 405 540 900 900 90 180 270 540 450 540 540 54 108 162 324 270 900 90 180 270 540 450 90 180 270 540 450 18 27 54 45 54 108 90 162 135 270 
1944 648 648 1944 216 1728 1512 432 432 1944 2160 1296 2160 2160 216 432 648 1296 1080 729 729 2187 243 1944 1701 486 486 2187 2430 1458 2430 2430 243 486 729 1458 1215 243 2196 81 648 567 162 162 729 810 486 810 810 81 162 243 486 405 729 81 648 567 162 162 729 810 486 810 810 81 162 243 486 405 243 1944 1701 486 486 2187 2430 1458 2430 2430 243 486 729 1458 1215 216 189 54 54 243 270 162 270 270 27 54 81 162 135 1512 432 432 1944 2160 1296 2160 2160 216 432 648 1296 1080 378 378 1701 1890 1134 1890 1890 189 378 567 1134 945 108 486 540 324 540 540 54 108 162 324 270 486 540 324 540 540 54 108 162 324 270 2430 1458 2430 2430 243 486 729 1458 1215 1620 2700 2700 270 540 810 1620 1350 1620 1620 162 324 486 972 810 2700 270 540 810 1620 1350 270 540 810 1620 1350 54 81 162 135 162 324 270 486 405 810 
216 72 72 216 24 192 168 48 48 216 240 144 240 240 24 48 72 144 120 81 81 243 27 216 189 54 54 243 270 162 270 270 27 54 81 162 135 27 81 3056 72 63 18 18 81 90 54 90 90 9 18 27 54 45 81 9 72 63 18 18 81 90 54 90 90 9 18 27 54 45 27 216 189 54 54 243 270 162 270 270 27 54 81 162 135 24 21 6 6 27 30 18 30 30 3 6 9 18 15 168 48 48 216 240 144 240 240 24 48 72 144 120 42 42 189 210 126 210 210 21 42 63 126 105 12 54 60 36 60 60 6 12 18 36 30 54 60 36 60 60 6 12 18 36 30 270 162 270 270 27 54 81 162 135 180 300 300 30 60 90 180 150 180 180 18 36 54 108 90 300 30 60 90 180 150 30 60 90 180 150 6 9 18 15 18 36 30 54 45 90 
1728 576 576 1728 192 1536 1344 384 384 1728 1920 1152 1920 1920 192 384 576 1152 960 648 648 1944 216 1728 1512 432 432 1944 2160 1296 2160 2160 216 432 648 1296 1080 216 648 72 4063 504 144 144 648 720 432 720 720 72 144 216 432 360 648 72 576 504 144 144 648 720 432 720 720 72 144 216 432 360 216 1728 1512 432 432 1944 2160 1296 2160 2160 216 432 648 1296 1080 192 168 48 48 216 240 144 240 240 24 48 72 144 120 1344 384 384 1728 1920 1152 1920 1920 192 384 576 1152 960 336 336 1512 1680 1008 1680 1680 168 336 504 1008 840 96 432 480 288 480 480 48 96 144 288 240 432 480 288 480 480 48 96 144 288 240 2160 1296 2160 2160 216 432 648 1296 1080 1440 2400 2400 240 480 720 1440 1200 1440 1440 144 288 432 864 720 2400 240 480 720 1440 1200 240 480 720 1440 1200 48 72 144 120 144 288 240 432 360 720 
1512 504 504 1512 168 1344 1176 336 336 1512 1680 1008 1680 1680 168 336 504 1008 840 567 567 1701 189 1512 1323 378 378 1701 1890 1134 1890 1890 189 378 567 1134 945 189 567 63 504 4074 126 126 567 630 378 630 630 63 126 189 378 315 567 63 504 441 126 126 567 630 378 630 630 63 126 189 378 315 189 1512 1323 378 378 1701 1890 1134 1890 1890 189 378 567 1134 945 168 147 42 42 189 210 126 210 210 21 42 63 126 105 1176 336 336 1512 1680 1008 1680 1680 168 336 504 1008 840 294 294 1323 1470 882 1470 1470 147 294 441 882 735 84 378 420 252 420 420 42 84 126 252 210 378 420 252 420 420 42 84 126 252 210 1890 1134 1890 1890 189 378 567 1134 945 1260 2100 2100 210 420 630 1260 1050 1260 1260 126 252 378 756 630 2100 210 420 630 1260 1050 210 420 630 1260 1050 42 63 126 105 126 252 210 378 315 630 
432 144 144 432 48 384 336 96 96 432 480 288 480 480 48 96 144 288 240 162 162 486 54 432 378 108 108 486 540 324 540 540 54 108 162 324 270 54 162 18 144 126 1024 36 162 180 108 180 180 18 36 54 108 90 162 18 144 126 36 36 162 180 108 180 180 18 36 54 108 90 54 432 378 108 108 486 540 324 540 540 54 108 162 324 270 48 42 12 12 54 60 36 60 60 6 12 18 36 30 336 96 96 432 480 288 480 480 48 96 144 288 240 84 84 378 420 252 420 420 42 84 126 252 210 24 108 120 72 120 120 12 24 36 72 60 108 120 72 120 120 12 24 36 72 60 540 324 540 540 54 108 162 324 270 360 600 600 60 120 180 360 300 360 360 36 72 108 216 180 600 60 120 180 360 300 60 120 180 360 300 12 18 36 30 36 72 60 108 90 180 
432 144 144 432 48 384 336 96 96 432 480 288 480 480 48 96 144 288 240 162 162 486 54 432 378 108 108 486 540 324 540 540 54 108 162 324 270 54 162 18 144 126 36 2908 162 180 108 180 180 18 36 54 108 90 162 18 144 126 36 36 162 180 108 180 180 18 36 54 108 90 54 432 378 108 108 486 540 324 540 540 54 108 162 324 270 48 42 12 12 54 60 36 60 60 6 12 18 36 30 336 96 96 432 480 288 480 480 48 96 144 288 240 84 84 378 420 252 420 420 42 84 126 252 210 24 108 120 72 120 120 12 24 36 72 60 108 120 72 120 120 12 24 36 72 60 540 324 540 540 54 108 162 324 270 360 600 600 60 120 180 360 300 360 360 36 72 108 216 180 600 60 120 180 360 300 60 120 180 360 300 12 18 36 30 36 72 60 108 90 180 
1944 648 648 1944 216 1728 1512 432 432 1944 2160 1296 2160 2160 216 432 648 1296 1080 729 729 2187 243 1944 1701 486 486 2187 2430 1458 2430 2430 243 486 729 1458 1215 243 729 81 648 567 162 162 8417 810 486 810 810 81 162 243 486 405 729 81 648 567 162 162 729 810 486 810 810 81 162 243 486 405 243 1944 1701 486 486 2187 2430 1458 2430 2430 243 486 729 1458 1215 216 189 54 54 243 270 162 270 270 27 54 81 162 135 1512 432 432 1944 2160 1296 2160 2160 216 432 648 1296 1080 378 378 1701 1890 1134 1890 1890 189 378 567 1134 945 108 486 540 324 540 540 54 108 162 324 270 486 540 324 540 540 54 108 162 324 270 2430 1458 2430 2430 243 486 729 1458 1215 1620 2700 2700 270 540 810 1620 1350 1620 1620 162 324 486 972 810 2700 270 540 810 1620 1350 270 540 810 1620 1350 54 81 162 135 162 324 270 486 405 810 
2160 720 720 2160 240 1920 1680 480 480 2160 2400 1440 2400 2400 240 480 720 1440 1200 810 810 2430 270 2160 1890 540 540 2430 2700 1620 2700 2700 270 540 810 1620 1350 270 810 90 720 630 180 180 810 5015 540 900 900 90 180 270 540 450 810 90 720 630 180 180 810 900 540 900 900 90 180 270 540 450 270 2160 1890 540 540 2430 2700 1620 2700 2700 270 540 810 1620 1350 240 210 60 60 270 300 180 300 300 30 60 90 180 150 1680 480 480 2160 2400 1440 2400 2400 240 480 720 1440 1200 420 420 1890 2100 1260 2100 2100 210 420 630 1260 1050 120 540 600 360 600 600 60 120 180 360 300 540 600 360 600 600 60 120 180 360 300 2700 1620 2700 2700 270 540 810 1620 1350 1800 3000 3000 300 600 900 1800 1500 1800 1800 180 360 540 1080 900 3000 300 600 900 1800 1500 300 600 900 1800 1500 60 90 180 150 180 360 300 540 450 900 
1296 432 432 1296 144 1152 1008 288 288 1296 1440 864 1440 1440 144 288 432 864 720 486 486 1458 162 1296 1134 324 324 1458 1620 972 1620 1620 162 324 486 972 810 162 486 54 432 378 108 108 486 540 1783 540 540 54 108 162 324 270 486 54 432 378 108 108 486 540 324 540 540 54 108 162 324 270 162 1296 1134 324 324 1458 1620 972 1620 1620 162 324 486 972 810 144 126 36 36 162 180 108 180 180 18 36 54 108 90 1008 288 288 1296 1440 864 1440 1440 144 288 432 864 720 252 252 1134 1260 756 1260 1260 126 252 378 756 630 72 324 360 216 360 360 36 72 108 216 180 324 360 216 360 360 36 72 108 216 180 1620 972 1620 1620 162 324 486 972 810 1080 1800 1800 180 360 540 1080 900 1080 1080 108 216 324 648 540 1800 180 360 540 1080 900 180 360 540 1080 900 36 54 108 90 108 216 180 324 270 540 
2160 720 720 2160 240 1920 1680 480 480 2160 2400 1440 2400 2400 240 480 720 1440 1200 810 810 2430 270 2160 1890 540 540 2430 2700 1620 2700 2700 270 540 810 1620 1350 270 810 90 720 630 180 180 810 900 540 9118 900 90 180 270 540 450 810 90 720 630 180 180 810 900 540 900 900 90 180 270 540 450 270 2160 1890 540 540 2430 2700 1620 2700 2700 270 540 810 1620 1350 240 210 60 60 270 300 180 300 300 30 60 90 180 150 1680 480 480 2160 2400 1440 2400 2400 240 480 720 1440 1200 420 420 1890 2100 1260 2100 2100 210 420 630 1260 1050 120 540 600 360 600 600 60 120 180 360 300 540 600 360 600 600 60 120 180 360 300 2700 1620 2700 2700 270 540 810 1620 1350 1800 3000 3000 300 600 900 1800 1500 1800 1800 180 360 540 1080 900 3000 300 600 900 1800 1500 300 600 900 1800 1500 60 90 180 150 180 360 300 540 450 900 
2160 720 720 2160 240 1920 1680 480 480 2160 2400 1440 2400 2400 240 480 720 1440 1200 810 810 2430 270 2160 1890 540 540 2430 2700 1620 2700 2700 270 540 810 1620 1350 270 810 90 720 630 180 180 810 900 540 900 1988 90 180 270 540 450 810 90 720 630 180 180 810 900 540 900 900 90 180 270 540 450 270 2160 1890 540 540 2430 2700 1620 2700 2700 270 540 810 1620 1350 240 210 60 60 270 300 180 300 300 30 60 90 180 150 1680 480 480 2160 2400 1440 2400 2400 240 480 720 1440 1200 420 420 1890 2100 1260 2100 2100 210 420 630 1260 1050 120 540 600 360 600 600 60 120 180 360 300 540 600 360 600 600 60 120 180 360 300 2700 1620 2700 2700 270 540 810 1620 1350 1800 3000 3000 300 600 900 1800 1500 1800 1800 180 360 540 1080 900 3000 300 600 900 1800 1500 300 600 900 1800 1500 60 90 180 150 180 360 300 540 450 900 
