15 6
67 43 45 26 39 10 31 17 32 51 36 44 29 67 22 
43 20 36 22 38 33 56 55 62 31 17 32 30 68 36 
45 36 63 46 8 42 33 62 42 10 48 4 17 32 23 
26 22 46 34 44 16 51 33 54 46 10 42 31 76 32 
39 38 8 44 64 37 25 56 33 18 48 10 12 31 17 
10 33 42 16 37 87 36 22 38 45 26 39 25 67 21 
31 56 33 51 25 36 91 46 8 43 58 35 26 39 20 
17 55 62 33 56 22 46 53 44 67 43 60 45 83 39 
32 62 42 54 33 38 8 44 78 51 63 43 33 45 26 
51 31 10 46 18 45 43 67 51 73 46 8 22 38 30 
36 17 48 10 48 26 58 43 63 46 45 44 36 79 38 
44 32 4 42 10 39 35 60 43 8 44 77 14 36 22 
29 30 17 31 12 25 26 45 33 22 36 14 92 44 8 
67 68 32 76 31 67 39 83 45 38 79 36 44 17 46 
22 36 23 32 17 21 20 39 26 30 38 22 8 46 88 
